Start Index, End Index, Length
0, 1252, 1253
1253, 2502, 1250
2503, 3754, 1252
3755, 5005, 1251
5006, 6257, 1252
6258, 7507, 1250
7508, 8757, 1250
8758, 10009, 1252
10010, 11262, 1253
11263, 12512, 1250
12513, 13764, 1252
13765, 15014, 1250
15015, 16266, 1252
16267, 17519, 1253
17520, 18771, 1252
18772, 20021, 1250
20022, 21273, 1252
21274, 22525, 1252
22526, 23776, 1251
23777, 25026, 1250
25027, 26278, 1252
26279, 27528, 1250
27529, 28782, 1254
28783, 30033, 1251
