Start Index, End Index, Length
0, 1253, 1254
1254, 2504, 1251
2505, 3755, 1251
3756, 5007, 1252
5008, 6259, 1252
6260, 7512, 1253
7513, 8763, 1251
8764, 10015, 1252
10016, 11266, 1251
11267, 12518, 1252
12519, 13770, 1252
13771, 15022, 1252
15023, 16275, 1253
16276, 17527, 1252
17528, 18779, 1252
18780, 20029, 1250
20030, 21281, 1252
21282, 22534, 1253
22535, 23786, 1252
23787, 25038, 1252
25039, 26290, 1252
26291, 27539, 1249
27540, 28791, 1252
28792, 30042, 1251
30043, 31294, 1252
31295, 32546, 1252
32547, 33798, 1252
33799, 35050, 1252
35051, 36303, 1253
36304, 37555, 1252
37556, 38809, 1254
38810, 40061, 1252
40062, 41313, 1252
41314, 42563, 1250
42564, 43817, 1254
43818, 45068, 1251
45069, 46320, 1252
46321, 47574, 1254
47575, 48826, 1252
48827, 50076, 1250
50077, 51330, 1254
51331, 52582, 1252
52583, 53833, 1251
53834, 55085, 1252
55086, 56339, 1254
56340, 57589, 1250
57590, 58841, 1252
58842, 60093, 1252
60094, 61348, 1255
61349, 62600, 1252
62601, 63852, 1252
63853, 65106, 1254
65107, 66356, 1250
66357, 67610, 1254
67611, 68860, 1250
68861, 70114, 1254
70115, 71367, 1253
71368, 72619, 1252
72620, 73869, 1250
73870, 75121, 1252
75122, 76373, 1252
76374, 77627, 1254
77628, 78880, 1253
78881, 80132, 1252
80133, 81384, 1252
81385, 82636, 1252
82637, 83887, 1251
83888, 85139, 1252
85140, 86391, 1252
86392, 87643, 1252
87644, 88895, 1252
88896, 90147, 1252
90148, 91400, 1253
91401, 92652, 1252
92653, 93902, 1250
93903, 95154, 1252
95155, 96406, 1252
96407, 97658, 1252
97659, 98911, 1253
98912, 100163, 1252
100164, 101415, 1252
101416, 102667, 1252
102668, 103919, 1252
103920, 105169, 1250
105170, 106422, 1253
106423, 107674, 1252
107675, 108926, 1252
108927, 110178, 1252
110179, 111430, 1252
111431, 112682, 1252
112683, 113935, 1253
113936, 115187, 1252
115188, 116439, 1252
116440, 117691, 1252
117692, 118943, 1252
118944, 120195, 1252
120196, 121447, 1252
121448, 122698, 1251
122699, 123950, 1252
123951, 125202, 1252
125203, 126453, 1251
126454, 127705, 1252
127706, 128957, 1252
128958, 130211, 1254
130212, 131461, 1250
131462, 132715, 1254
132716, 133967, 1252
133968, 135219, 1252
135220, 136471, 1252
136472, 137723, 1252
137724, 138977, 1254
138978, 140227, 1250
140228, 141480, 1253
141481, 142732, 1252
142733, 143984, 1252
143985, 145236, 1252
145237, 146490, 1254
146491, 147740, 1250
147741, 148992, 1252
148993, 150244, 1252
