Start Index, End Index, Length
0, 1253, 1254
1254, 2503, 1250
2504, 3753, 1250
3754, 5005, 1252
5006, 6255, 1250
6256, 7508, 1253
7509, 8760, 1252
8761, 10010, 1250
10011, 11260, 1250
11261, 12511, 1251
12512, 13763, 1252
13764, 15013, 1250
15014, 16265, 1252
16266, 17515, 1250
17516, 18766, 1251
18767, 20016, 1250
20017, 21268, 1252
21269, 22518, 1250
22519, 23771, 1253
23772, 25021, 1250
25022, 26273, 1252
26274, 27523, 1250
27524, 28774, 1251
28775, 30026, 1252
30027, 31276, 1250
31277, 32528, 1252
32529, 33778, 1250
33779, 35031, 1253
35032, 36281, 1250
36282, 37533, 1252
37534, 38785, 1252
38786, 40035, 1250
40036, 41286, 1251
41287, 42538, 1252
42539, 43788, 1250
43789, 45040, 1252
45041, 46288, 1248
46289, 47540, 1252
47541, 48792, 1252
48793, 50043, 1251
50044, 51293, 1250
51294, 52545, 1252
52546, 53795, 1250
53796, 55046, 1251
55047, 56298, 1252
56299, 57548, 1250
57549, 58800, 1252
58801, 60050, 1250
60051, 61301, 1251
61302, 62553, 1252
62554, 63805, 1252
63806, 65055, 1250
65056, 66307, 1252
66308, 67560, 1253
67561, 68810, 1250
68811, 70060, 1250
70061, 71312, 1252
71313, 72563, 1251
72564, 73813, 1250
73814, 75065, 1252
75066, 76317, 1252
76318, 77567, 1250
77568, 78820, 1253
78821, 80070, 1250
80071, 81322, 1252
81323, 82574, 1252
82575, 83824, 1250
83825, 85077, 1253
85078, 86327, 1250
86328, 87579, 1252
87580, 88831, 1252
88832, 90083, 1252
90084, 91335, 1252
91336, 92588, 1253
92589, 93840, 1252
93841, 95092, 1252
95093, 96342, 1250
96343, 97594, 1252
97595, 98847, 1253
98848, 100099, 1252
100100, 101349, 1250
101350, 102599, 1250
102600, 103853, 1254
103854, 105105, 1252
105106, 106356, 1251
106357, 107606, 1250
107607, 108858, 1252
108859, 110110, 1252
110111, 111364, 1254
111365, 112616, 1252
112617, 113867, 1251
113868, 115119, 1252
115120, 116373, 1254
116374, 117625, 1252
117626, 118877, 1252
118878, 120129, 1252
120130, 121383, 1254
121384, 122636, 1253
122637, 123888, 1252
123889, 125140, 1252
125141, 126392, 1252
126393, 127644, 1252
127645, 128898, 1254
128899, 130148, 1250
130149, 131402, 1254
131403, 132655, 1253
132656, 133907, 1252
133908, 135159, 1252
135160, 136409, 1250
136410, 137661, 1252
137662, 138912, 1251
138913, 140164, 1252
140165, 141416, 1252
141417, 142670, 1254
142671, 143922, 1252
143923, 145174, 1252
145175, 146426, 1252
146427, 147679, 1253
147680, 148931, 1252
148932, 150183, 1252
