Start Index, End Index, Length
0, 1251, 1252
1252, 2501, 1250
2502, 3753, 1252
3754, 5005, 1252
5006, 6257, 1252
6258, 7509, 1252
7510, 8760, 1251
8761, 10012, 1252
10013, 11262, 1250
11263, 12514, 1252
12515, 13765, 1251
13766, 15017, 1252
15018, 16269, 1252
16270, 17519, 1250
17520, 18771, 1252
18772, 20023, 1252
20024, 21276, 1253
21277, 22526, 1250
22527, 23776, 1250
23777, 25028, 1252
25029, 26279, 1251
26280, 27529, 1250
27530, 28783, 1254
28784, 30033, 1250
30034, 31285, 1252
31286, 32537, 1252
32538, 33788, 1251
33789, 35040, 1252
35041, 36292, 1252
36293, 37540, 1248
37541, 38792, 1252
38793, 40042, 1250
40043, 41295, 1253
41296, 42545, 1250
42546, 43799, 1254
43800, 45049, 1250
45050, 46301, 1252
46302, 47553, 1252
47554, 48804, 1251
48805, 50058, 1254
50059, 51308, 1250
51309, 52560, 1252
52561, 53812, 1252
53813, 55063, 1251
55064, 56313, 1250
56314, 57565, 1252
57566, 58817, 1252
58818, 60067, 1250
60068, 61320, 1253
61321, 62570, 1250
62571, 63822, 1252
63823, 65074, 1252
65075, 66326, 1252
66327, 67578, 1252
67579, 68829, 1251
68830, 70081, 1252
70082, 71331, 1250
71332, 72583, 1252
72584, 73834, 1251
73835, 75088, 1254
75089, 76338, 1250
76339, 77590, 1252
77591, 78844, 1254
78845, 80096, 1252
80097, 81348, 1252
81349, 82601, 1253
82602, 83853, 1252
83854, 85107, 1254
85108, 86359, 1252
86360, 87611, 1252
87612, 88863, 1252
88864, 90115, 1252
90116, 91367, 1252
91368, 92621, 1254
92622, 93872, 1251
93873, 95124, 1252
95125, 96378, 1254
96379, 97630, 1252
97631, 98880, 1250
98881, 100133, 1253
100134, 101383, 1250
101384, 102637, 1254
102638, 103891, 1254
103892, 105143, 1252
105144, 106395, 1252
106396, 107649, 1254
107650, 108901, 1252
108902, 110152, 1251
110153, 111404, 1252
111405, 112658, 1254
112659, 113910, 1252
113911, 115160, 1250
115161, 116414, 1254
116415, 117666, 1252
117667, 118919, 1253
118920, 120171, 1252
120172, 121423, 1252
121424, 122675, 1252
122676, 123927, 1252
123928, 125179, 1252
125180, 126433, 1254
126434, 127684, 1251
127685, 128936, 1252
128937, 130190, 1254
130191, 131442, 1252
131443, 132694, 1252
132695, 133946, 1252
133947, 135198, 1252
135199, 136451, 1253
136452, 137705, 1254
137706, 138957, 1252
138958, 140207, 1250
140208, 141459, 1252
141460, 142711, 1252
142712, 143963, 1252
143964, 145216, 1253
145217, 146468, 1252
146469, 147720, 1252
147721, 148972, 1252
148973, 150222, 1250
