Start Index, End Index, Length
0, 919, 920
920, 2169, 1250
2170, 3421, 1252
3422, 4671, 1250
4672, 5924, 1253
5925, 7176, 1252
7177, 8426, 1250
8427, 9678, 1252
9679, 10928, 1250
10929, 12181, 1253
12182, 13431, 1250
13432, 14683, 1252
14684, 15933, 1250
15934, 17185, 1252
17186, 18438, 1253
18439, 19690, 1252
19691, 20940, 1250
20941, 22192, 1252
22193, 23442, 1250
23443, 24695, 1253
24696, 25947, 1252
25948, 27197, 1250
27198, 28447, 1250
28448, 29699, 1252
29700, 30949, 1250
30950, 32201, 1252
32202, 33451, 1250
33452, 34704, 1253
34705, 35956, 1252
35957, 37208, 1252
37209, 38460, 1252
38461, 39710, 1250
39711, 40961, 1251
40962, 42211, 1250
42212, 43463, 1252
43464, 44713, 1250
44714, 45965, 1252
45966, 47218, 1253
47219, 48468, 1250
48469, 49720, 1252
49721, 50970, 1250
50971, 52222, 1252
52223, 53475, 1253
53476, 54727, 1252
54728, 55977, 1250
55978, 57229, 1252
57230, 58479, 1250
58480, 59732, 1253
59733, 60984, 1252
60985, 62234, 1250
62235, 63486, 1252
63487, 64738, 1252
64739, 65990, 1252
65991, 67243, 1253
67244, 68493, 1250
68494, 69745, 1252
69746, 70997, 1252
70998, 72249, 1252
72250, 73500, 1251
73501, 74752, 1252
74753, 76006, 1254
76007, 77258, 1252
77259, 78510, 1252
78511, 79762, 1252
79763, 81015, 1253
81016, 82267, 1252
82268, 83519, 1252
83520, 84772, 1253
84773, 86026, 1254
86027, 87278, 1252
87279, 88530, 1252
88531, 89784, 1254
89785, 91036, 1252
91037, 92288, 1252
92289, 93540, 1252
93541, 94793, 1253
94794, 96045, 1252
96046, 97297, 1252
97298, 98551, 1254
98552, 99801, 1250
99802, 101053, 1252
101054, 102307, 1254
102308, 103560, 1253
103561, 104812, 1252
104813, 106066, 1254
106067, 107318, 1252
107319, 108570, 1252
108571, 109820, 1250
109821, 111072, 1252
111073, 112325, 1253
112326, 113577, 1252
113578, 114829, 1252
114830, 116081, 1252
116082, 117333, 1252
117334, 118587, 1254
118588, 119839, 1252
119840, 121090, 1251
121091, 122344, 1254
122345, 123596, 1252
123597, 124848, 1252
124849, 126102, 1254
126103, 127354, 1252
127355, 128606, 1252
128607, 129858, 1252
129859, 131111, 1253
131112, 132363, 1252
132364, 133612, 1249
133613, 134865, 1253
134866, 136119, 1254
136120, 137371, 1252
137372, 138625, 1254
138626, 139877, 1252
139878, 141129, 1252
141130, 142383, 1254
142384, 143635, 1252
143636, 144889, 1254
144890, 146142, 1253
146143, 147392, 1250
147393, 148644, 1252
148645, 149898, 1254
