Start Index, End Index, Length
0, 2266, 2267
2267, 3520, 1254
3521, 4773, 1253
4774, 6025, 1252
6026, 7277, 1252
7278, 8529, 1252
8530, 9781, 1252
9782, 11031, 1250
11032, 12284, 1253
12285, 13535, 1251
13536, 14786, 1251
14787, 16038, 1252
16039, 17288, 1250
17289, 18541, 1253
18542, 19793, 1252
19794, 21043, 1250
21044, 22295, 1252
22296, 23547, 1252
23548, 24799, 1252
24800, 26050, 1251
26051, 27300, 1250
27301, 28552, 1252
28553, 29804, 1252
29805, 31055, 1251
