Start Index, End Index, Length
0, 1250, 1251
1251, 2502, 1252
2503, 3754, 1252
3755, 5006, 1252
5007, 6258, 1252
6259, 7510, 1252
7511, 8760, 1250
8761, 10012, 1252
10013, 11262, 1250
11263, 12514, 1252
12515, 13765, 1251
13766, 15017, 1252
15018, 16269, 1252
16270, 17521, 1252
17522, 18771, 1250
18772, 20024, 1253
20025, 21276, 1252
21277, 22528, 1252
22529, 23780, 1252
23781, 25030, 1250
25031, 26282, 1252
26283, 27535, 1253
27536, 28787, 1252
28788, 30039, 1252
30040, 31289, 1250
31290, 32541, 1252
32542, 33792, 1251
33793, 35044, 1252
35045, 36296, 1252
36297, 37546, 1250
37547, 38798, 1252
38799, 40049, 1251
40050, 41301, 1252
41302, 42553, 1252
42554, 43805, 1252
43806, 45055, 1250
45056, 46307, 1252
46308, 47560, 1253
47561, 48812, 1252
48813, 50064, 1252
50065, 51316, 1252
51317, 52568, 1252
52569, 53820, 1252
53821, 55071, 1251
55072, 56320, 1249
56321, 57573, 1253
57574, 58825, 1252
58826, 60077, 1252
60078, 61329, 1252
61330, 62581, 1252
62582, 63833, 1252
63834, 65085, 1252
65086, 66338, 1253
66339, 67588, 1250
67589, 68840, 1252
68841, 70092, 1252
70093, 71344, 1252
71345, 72596, 1252
72597, 73849, 1253
73850, 75099, 1250
75100, 76353, 1254
76354, 77607, 1254
77608, 78859, 1252
78860, 80113, 1254
80114, 81365, 1252
81366, 82619, 1254
82620, 83871, 1252
83872, 85126, 1255
85127, 86376, 1250
86377, 87630, 1254
87631, 88882, 1252
88883, 90134, 1252
90135, 91386, 1252
91387, 92640, 1254
92641, 93892, 1252
93893, 95145, 1253
95146, 96397, 1252
96398, 97651, 1254
97652, 98905, 1254
98906, 100155, 1250
100156, 101409, 1254
101410, 102661, 1252
102662, 103915, 1254
103916, 105166, 1251
105167, 106420, 1254
106421, 107672, 1252
107673, 108926, 1254
108927, 110178, 1252
110179, 111432, 1254
111433, 112684, 1252
112685, 113936, 1252
113937, 115188, 1252
115189, 116442, 1254
116443, 117695, 1253
117696, 118947, 1252
118948, 120201, 1254
120202, 121453, 1252
121454, 122703, 1250
122704, 123957, 1254
123958, 125209, 1252
125210, 126462, 1253
126463, 127716, 1254
127717, 128968, 1252
128969, 130220, 1252
130221, 131472, 1252
131473, 132726, 1254
132727, 133980, 1254
133981, 135230, 1250
135231, 136483, 1253
136484, 137737, 1254
137738, 138989, 1252
138990, 140241, 1252
140242, 141495, 1254
141496, 142747, 1252
142748, 143999, 1252
144000, 145253, 1254
145254, 146505, 1252
146506, 147758, 1253
147759, 149012, 1254
149013, 150262, 1250
