Start Index, End Index, Length
0, 2350, 2351
2351, 3602, 1252
3603, 4854, 1252
4855, 6104, 1250
6105, 7356, 1252
7357, 8609, 1253
8610, 9861, 1252
9862, 11113, 1252
11114, 12363, 1250
12364, 13615, 1252
13616, 14866, 1251
14867, 16118, 1252
16119, 17370, 1252
17371, 18622, 1252
18623, 19874, 1252
19875, 21126, 1252
21127, 22377, 1251
22378, 23629, 1252
23630, 24881, 1252
24882, 26133, 1252
26134, 27385, 1252
27386, 28637, 1252
28638, 29890, 1253
29891, 31142, 1252
