Start Index, End Index, Length
0, 1250, 1251
1251, 2500, 1250
2501, 3753, 1253
3754, 5005, 1252
5006, 6255, 1250
6256, 7506, 1251
7507, 8757, 1251
8758, 10009, 1252
10010, 11259, 1250
11260, 12511, 1252
12512, 13761, 1250
13762, 15013, 1252
15014, 16265, 1252
16266, 17515, 1250
17516, 18768, 1253
18769, 20020, 1252
20021, 21270, 1250
21271, 22522, 1252
22523, 23770, 1248
23771, 25023, 1253
25024, 26275, 1252
26276, 27525, 1250
27526, 28775, 1250
28776, 30027, 1252
