Start Index, End Index, Length
0, 1253, 1254
1254, 2503, 1250
2504, 3755, 1252
3756, 5007, 1252
5008, 6257, 1250
6258, 7507, 1250
7508, 8759, 1252
8760, 10011, 1252
10012, 11263, 1252
11264, 12514, 1251
12515, 13766, 1252
13767, 15016, 1250
15017, 16268, 1252
16269, 17520, 1252
17521, 18773, 1253
18774, 20025, 1252
20026, 21279, 1254
21280, 22529, 1250
22530, 23781, 1252
23782, 25033, 1252
25034, 26284, 1251
26285, 27536, 1252
27537, 28788, 1252
28789, 30038, 1250
