Start Index, End Index, Length
0, 1252, 1253
1253, 2503, 1251
2504, 3755, 1252
3756, 5007, 1252
5008, 6259, 1252
6260, 7511, 1252
7512, 8762, 1251
8763, 10014, 1252
10015, 11266, 1252
11267, 12518, 1252
12519, 13770, 1252
13771, 15022, 1252
15023, 16274, 1252
16275, 17527, 1253
17528, 18779, 1252
18780, 20031, 1252
20032, 21283, 1252
21284, 22537, 1254
22538, 23789, 1252
23790, 25041, 1252
25042, 26292, 1251
26293, 27544, 1252
27545, 28798, 1254
28799, 30048, 1250
