Start Index, End Index, Length
0, 1254, 1255
1255, 2507, 1253
2508, 3757, 1250
3758, 5009, 1252
5010, 6261, 1252
6262, 7511, 1250
7512, 8765, 1254
8766, 10018, 1253
10019, 11268, 1250
11269, 12520, 1252
12521, 13772, 1252
13773, 15024, 1252
15025, 16276, 1252
16277, 17527, 1251
17528, 18779, 1252
18780, 20031, 1252
20032, 21283, 1252
21284, 22533, 1250
22534, 23786, 1253
23787, 25038, 1252
25039, 26290, 1252
26291, 27542, 1252
27543, 28794, 1252
28795, 30046, 1252
30047, 31298, 1252
31299, 32551, 1253
32552, 33803, 1252
33804, 35055, 1252
35056, 36307, 1252
36308, 37559, 1252
37560, 38811, 1252
38812, 40062, 1251
40063, 41314, 1252
41315, 42566, 1252
42567, 43818, 1252
43819, 45070, 1252
45071, 46322, 1252
46323, 47575, 1253
47576, 48827, 1252
48828, 50079, 1252
50080, 51331, 1252
51332, 52583, 1252
52584, 53835, 1252
53836, 55087, 1252
55088, 56340, 1253
56341, 57592, 1252
57593, 58844, 1252
58845, 60098, 1254
60099, 61348, 1250
61349, 62600, 1252
62601, 63853, 1253
63854, 65105, 1252
65106, 66357, 1252
66358, 67609, 1252
67610, 68861, 1252
68862, 70113, 1252
70114, 71365, 1252
71366, 72618, 1253
72619, 73868, 1250
73869, 75120, 1252
75121, 76372, 1252
76373, 77624, 1252
77625, 78878, 1254
78879, 80131, 1253
80132, 81385, 1254
81386, 82639, 1254
82640, 83891, 1252
83892, 85143, 1252
85144, 86395, 1252
86396, 87647, 1252
87648, 88899, 1252
88900, 90153, 1254
90154, 91407, 1254
91408, 92658, 1251
92659, 93912, 1254
93913, 95166, 1254
95167, 96416, 1250
96417, 97670, 1254
97671, 98922, 1252
98923, 100174, 1252
100175, 101425, 1251
101426, 102677, 1252
102678, 103929, 1252
103930, 105181, 1252
105182, 106433, 1252
106434, 107687, 1254
107688, 108939, 1252
108940, 110192, 1253
110193, 111444, 1252
111445, 112698, 1254
112699, 113950, 1252
113951, 115202, 1252
115203, 116454, 1252
116455, 117706, 1252
117707, 118960, 1254
118961, 120214, 1254
120215, 121465, 1251
121466, 122719, 1254
122720, 123971, 1252
123972, 125223, 1252
125224, 126477, 1254
126478, 127729, 1252
127730, 128981, 1252
128982, 130233, 1252
130234, 131488, 1255
131489, 132740, 1252
132741, 133994, 1254
133995, 135246, 1252
135247, 136498, 1252
136499, 137750, 1252
137751, 139002, 1252
139003, 140256, 1254
140257, 141508, 1252
141509, 142763, 1255
142764, 144015, 1252
144016, 145269, 1254
145270, 146519, 1250
146520, 147771, 1252
147772, 149025, 1254
149026, 150277, 1252
