Start Index, End Index, Length
0, 1252, 1253
1253, 2503, 1251
2504, 3756, 1253
3757, 5006, 1250
5007, 6260, 1254
6261, 7510, 1250
7511, 8760, 1250
8761, 10013, 1253
10014, 11263, 1250
11264, 12515, 1252
12516, 13767, 1252
13768, 15017, 1250
15018, 16270, 1253
16271, 17520, 1250
17521, 18770, 1250
18771, 20022, 1252
20023, 21274, 1252
21275, 22525, 1251
22526, 23777, 1252
23778, 25029, 1252
25030, 26279, 1250
26280, 27531, 1252
27532, 28784, 1253
28785, 30034, 1250
