Start Index, End Index, Length
0, 1250, 1251
1251, 2502, 1252
2503, 3753, 1251
3754, 5005, 1252
5006, 6257, 1252
6258, 7507, 1250
7508, 8759, 1252
8760, 10010, 1251
10011, 11262, 1252
11263, 12514, 1252
12515, 13766, 1252
13767, 15018, 1252
15019, 16269, 1251
16270, 17521, 1252
17522, 18771, 1250
18772, 20023, 1252
20024, 21275, 1252
21276, 22526, 1251
22527, 23776, 1250
23777, 25028, 1252
25029, 26278, 1250
26279, 27530, 1252
27531, 28781, 1251
28782, 30033, 1252
30034, 31285, 1252
31286, 32537, 1252
32538, 33787, 1250
33788, 35038, 1251
35039, 36290, 1252
36291, 37540, 1250
37541, 38792, 1252
38793, 40044, 1252
40045, 41297, 1253
41298, 42547, 1250
42548, 43799, 1252
43800, 45049, 1250
45050, 46301, 1252
46302, 47554, 1253
47555, 48804, 1250
48805, 50056, 1252
50057, 51308, 1252
51309, 52558, 1250
52559, 53809, 1251
53810, 55061, 1252
55062, 56313, 1252
56314, 57565, 1252
57566, 58816, 1251
58817, 60068, 1252
60069, 61320, 1252
61321, 62572, 1252
62573, 63822, 1250
63823, 65074, 1252
65075, 66325, 1251
66326, 67577, 1252
67578, 68827, 1250
68828, 70079, 1252
70080, 71329, 1250
71330, 72582, 1253
72583, 73834, 1252
73835, 75084, 1250
75085, 76336, 1252
76337, 77588, 1252
77589, 78839, 1251
78840, 80089, 1250
80090, 81341, 1252
81342, 82591, 1250
82592, 83843, 1252
83844, 85096, 1253
85097, 86348, 1252
86349, 87598, 1250
87599, 88848, 1250
88849, 90099, 1251
90100, 91351, 1252
91352, 92603, 1252
92604, 93855, 1252
93856, 95107, 1252
95108, 96359, 1252
96360, 97613, 1254
97614, 98866, 1253
98867, 100116, 1250
100117, 101368, 1252
101369, 102620, 1252
102621, 103872, 1252
103873, 105123, 1251
105124, 106375, 1252
106376, 107629, 1254
107630, 108881, 1252
108882, 110131, 1250
110132, 111385, 1254
111386, 112635, 1250
112636, 113889, 1254
113890, 115139, 1250
115140, 116389, 1250
116390, 117642, 1253
117643, 118894, 1252
118895, 120146, 1252
120147, 121398, 1252
121399, 122650, 1252
122651, 123902, 1252
123903, 125154, 1252
125155, 126407, 1253
126408, 127659, 1252
127660, 128911, 1252
128912, 130163, 1252
130164, 131413, 1250
131414, 132665, 1252
132666, 133918, 1253
133919, 135172, 1254
135173, 136422, 1250
136423, 137676, 1254
137677, 138928, 1252
138929, 140180, 1252
140181, 141434, 1254
141435, 142685, 1251
142686, 143935, 1250
143936, 145187, 1252
145188, 146439, 1252
146440, 147691, 1252
147692, 148943, 1252
148944, 150196, 1253
