Start Index, End Index, Length
0, 1253, 1254
1254, 2505, 1252
2506, 3750, 1245
3751, 5008, 1258
5009, 6258, 1250
6259, 7510, 1252
7511, 8764, 1254
8765, 10015, 1251
10016, 11267, 1252
11268, 12519, 1252
12520, 13771, 1252
13772, 15023, 1252
15024, 16275, 1252
16276, 17528, 1253
17529, 18780, 1252
18781, 20032, 1252
20033, 21284, 1252
21285, 22534, 1250
22535, 23786, 1252
23787, 25037, 1251
25038, 26289, 1252
26290, 27541, 1252
27542, 28793, 1252
28794, 30045, 1252
