Start Index, End Index, Length
0, 1253, 1254
1254, 2503, 1250
2504, 3755, 1252
3756, 5007, 1252
5008, 6259, 1252
6260, 7511, 1252
7512, 8762, 1251
8763, 10016, 1254
10017, 11268, 1252
11269, 12520, 1252
12521, 13770, 1250
13771, 15022, 1252
15023, 16275, 1253
16276, 17527, 1252
17528, 18779, 1252
18780, 20029, 1250
20030, 21281, 1252
21282, 22533, 1252
22534, 23784, 1251
23785, 25036, 1252
25037, 26288, 1252
26289, 27540, 1252
27541, 28790, 1250
28791, 30043, 1253
30044, 31297, 1254
31298, 32549, 1252
32550, 33799, 1250
33800, 35053, 1254
35054, 36303, 1250
36304, 37556, 1253
37557, 38808, 1252
38809, 40062, 1254
40063, 41312, 1250
41313, 42564, 1252
42565, 43816, 1252
43817, 45068, 1252
45069, 46321, 1253
46322, 47573, 1252
47574, 48825, 1252
48826, 50075, 1250
50076, 51327, 1252
51328, 52579, 1252
52580, 53832, 1253
53833, 55082, 1250
55083, 56334, 1252
56335, 57586, 1252
57587, 58838, 1252
58839, 60090, 1252
60091, 61341, 1251
61342, 62593, 1252
62594, 63845, 1252
63846, 65097, 1252
65098, 66347, 1250
66348, 67600, 1253
67601, 68850, 1250
68851, 70102, 1252
70103, 71354, 1252
71355, 72606, 1252
72607, 73859, 1253
73860, 75111, 1252
75112, 76365, 1254
76366, 77619, 1254
77620, 78871, 1252
78872, 80123, 1252
80124, 81377, 1254
81378, 82629, 1252
82630, 83881, 1252
83882, 85134, 1253
85135, 86386, 1252
86387, 87638, 1252
87639, 88890, 1252
88891, 90142, 1252
90143, 91394, 1252
91395, 92646, 1252
92647, 93899, 1253
93900, 95151, 1252
95152, 96405, 1254
96406, 97659, 1254
97660, 98911, 1252
98912, 100163, 1252
100164, 101417, 1254
101418, 102669, 1252
102670, 103923, 1254
103924, 105175, 1252
105176, 106428, 1253
106429, 107682, 1254
107683, 108934, 1252
108935, 110184, 1250
110185, 111436, 1252
111437, 112688, 1252
112689, 113941, 1253
113942, 115195, 1254
115196, 116447, 1252
116448, 117699, 1252
117700, 118951, 1252
118952, 120203, 1252
120204, 121455, 1252
121456, 122709, 1254
122710, 123961, 1252
123962, 125216, 1255
125217, 126468, 1252
126469, 127718, 1250
127719, 128970, 1252
128971, 130224, 1254
130225, 131476, 1252
131477, 132730, 1254
132731, 133982, 1252
133983, 135236, 1254
135237, 136491, 1255
136492, 137743, 1252
137744, 138995, 1252
138996, 140249, 1254
140250, 141501, 1252
141502, 142755, 1254
142756, 144007, 1252
144008, 145259, 1252
145260, 146511, 1252
146512, 147764, 1253
147765, 149016, 1252
149017, 150268, 1252
