Start Index, End Index, Length
0, 2358, 2359
2359, 3609, 1251
3610, 4861, 1252
4862, 6113, 1252
6114, 7365, 1252
7366, 8615, 1250
8616, 9868, 1253
9869, 11120, 1252
11121, 12372, 1252
12373, 13624, 1252
13625, 14876, 1252
14877, 16128, 1252
16129, 17379, 1251
17380, 18631, 1252
18632, 19883, 1252
19884, 21135, 1252
21136, 22387, 1252
22388, 23639, 1252
23640, 24892, 1253
24893, 26142, 1250
26143, 27394, 1252
27395, 28646, 1252
28647, 29898, 1252
29899, 31150, 1252
