Start Index, End Index, Length
0, 2246, 2247
2247, 3497, 1251
3498, 4749, 1252
4750, 6001, 1252
6002, 7253, 1252
7254, 8505, 1252
8506, 9755, 1250
9756, 11008, 1253
11009, 12260, 1252
12261, 13510, 1250
13511, 14762, 1252
14763, 16014, 1252
16015, 17265, 1251
17266, 18517, 1252
18518, 19769, 1252
19770, 21021, 1252
21022, 22273, 1252
22274, 23523, 1250
23524, 24776, 1253
24777, 26028, 1252
26029, 27280, 1252
27281, 28530, 1250
28531, 29782, 1252
29783, 31035, 1253
