Start Index, End Index, Length
0, 2258, 2259
2259, 3508, 1250
3509, 4760, 1252
4761, 6010, 1250
6011, 7262, 1252
7263, 8514, 1252
8515, 9767, 1253
9768, 11017, 1250
11018, 12271, 1254
12272, 13521, 1250
13522, 14773, 1252
14774, 16025, 1252
16026, 17275, 1250
17276, 18527, 1252
18528, 19778, 1251
19779, 21031, 1253
21032, 22283, 1252
22284, 23535, 1252
23536, 24787, 1252
24788, 26039, 1252
26040, 27291, 1252
27292, 28543, 1252
28544, 29794, 1251
29795, 31046, 1252
