Start Index, End Index, Length
0, 1253, 1254
1254, 2505, 1252
2506, 3755, 1250
3756, 5005, 1250
5006, 6257, 1252
6258, 7510, 1253
7511, 8760, 1250
8761, 10012, 1252
10013, 11264, 1252
11265, 12514, 1250
12515, 13767, 1253
13768, 15019, 1252
15020, 16271, 1252
16272, 17536, 1265
17537, 18786, 1250
18787, 20039, 1253
20040, 21289, 1250
21290, 22541, 1252
22542, 23791, 1250
23792, 25043, 1252
25044, 26296, 1253
26297, 27546, 1250
27547, 28796, 1250
28797, 30046, 1250
