Start Index, End Index, Length
0, 1252, 1253
1253, 2504, 1252
2505, 3757, 1253
3758, 5009, 1252
5010, 6259, 1250
6260, 7507, 1248
7508, 8759, 1252
8760, 10011, 1252
10012, 11263, 1252
11264, 12515, 1252
12516, 13769, 1254
13770, 15020, 1251
15021, 16272, 1252
16273, 17524, 1252
17525, 18778, 1254
18779, 20028, 1250
20029, 21281, 1253
21282, 22533, 1252
22534, 23785, 1252
23786, 25037, 1252
25038, 26289, 1252
26290, 27539, 1250
27540, 28792, 1253
28793, 30044, 1252
