Start Index, End Index, Length
0, 2066, 2067
2067, 3315, 1249
3316, 4568, 1253
4569, 5820, 1252
5821, 7074, 1254
7075, 8324, 1250
8325, 9578, 1254
9579, 10830, 1252
10831, 12082, 1252
12083, 13335, 1253
13336, 14587, 1252
14588, 15839, 1252
15840, 17091, 1252
17092, 18343, 1252
18344, 19594, 1251
19595, 20846, 1252
20847, 22098, 1252
22099, 23348, 1250
23349, 24596, 1248
24597, 25849, 1253
25850, 27099, 1250
27100, 28350, 1251
28351, 29603, 1253
29604, 30854, 1251
