Start Index, End Index, Length
0, 2041, 2042
2042, 3293, 1252
3294, 4545, 1252
4546, 5798, 1253
5799, 7050, 1252
7051, 8302, 1252
8303, 9556, 1254
9557, 10806, 1250
10807, 12058, 1252
12059, 13310, 1252
13311, 14563, 1253
14564, 15815, 1252
15816, 17067, 1252
17068, 18319, 1252
18320, 19571, 1252
19572, 20823, 1252
20824, 22075, 1252
22076, 23328, 1253
23329, 24580, 1252
24581, 25830, 1250
25831, 27082, 1252
27083, 28334, 1252
28335, 29587, 1253
29588, 30839, 1252
