Start Index, End Index, Length
0, 1835, 1836
1836, 3087, 1252
3088, 4339, 1252
4340, 5591, 1252
5592, 6843, 1252
6844, 8096, 1253
8097, 9346, 1250
9347, 10598, 1252
10599, 11851, 1253
11852, 13102, 1251
13103, 14354, 1252
14355, 15607, 1253
15608, 16857, 1250
16858, 18109, 1252
18110, 19359, 1250
19360, 20610, 1251
20611, 21862, 1252
21863, 23114, 1252
23115, 24366, 1252
24367, 25618, 1252
25619, 26870, 1252
26871, 28118, 1248
28119, 29370, 1252
29371, 30623, 1253
