Start Index, End Index, Length
0, 2317, 2318
2318, 3568, 1251
3569, 4820, 1252
4821, 6072, 1252
6073, 7324, 1252
7325, 8578, 1254
8579, 9830, 1252
9831, 11082, 1252
11083, 12333, 1251
12334, 13585, 1252
13586, 14837, 1252
14838, 16089, 1252
16090, 17341, 1252
17342, 18593, 1252
18594, 19845, 1252
19846, 21098, 1253
21099, 22350, 1252
22351, 23602, 1252
23603, 24854, 1252
24855, 26106, 1252
26107, 27358, 1252
27359, 28611, 1253
28612, 29863, 1252
29864, 31113, 1250
