Start Index, End Index, Length
0, 2295, 2296
2296, 3546, 1251
3547, 4798, 1252
4799, 6050, 1252
6051, 7300, 1250
7301, 8553, 1253
8554, 9805, 1252
9806, 11057, 1252
11058, 12308, 1251
12309, 13560, 1252
13561, 14813, 1253
14814, 16065, 1252
16066, 17317, 1252
17318, 18567, 1250
18568, 19821, 1254
19822, 21071, 1250
21072, 22324, 1253
22325, 23576, 1252
23577, 24826, 1250
24827, 26080, 1254
26081, 27332, 1252
27333, 28584, 1252
28585, 29835, 1251
29836, 31087, 1252
