Start Index, End Index, Length
0, 1253, 1254
1254, 2505, 1252
2506, 3757, 1252
3758, 5009, 1252
5010, 6261, 1252
6262, 7513, 1252
7514, 8765, 1252
8766, 10019, 1254
10020, 11270, 1251
11271, 12522, 1252
12523, 13776, 1254
13777, 15028, 1252
15029, 16280, 1252
16281, 17532, 1252
17533, 18783, 1251
18784, 20035, 1252
20036, 21287, 1252
21288, 22539, 1252
22540, 23791, 1252
23792, 25043, 1252
25044, 26296, 1253
26297, 27550, 1254
27551, 28802, 1252
28803, 30052, 1250
