Start Index, End Index, Length
0, 1251, 1252
1252, 2503, 1252
2504, 3755, 1252
3756, 5007, 1252
5008, 6259, 1252
6260, 7511, 1252
7512, 8763, 1252
8764, 10014, 1251
10015, 11266, 1252
11267, 12518, 1252
12519, 13768, 1250
13769, 15020, 1252
15021, 16273, 1253
16274, 17523, 1250
17524, 18777, 1254
18778, 20027, 1250
20028, 21279, 1252
21280, 22530, 1251
22531, 23782, 1252
23783, 25034, 1252
25035, 26284, 1250
26285, 27536, 1252
27537, 28788, 1252
28789, 30039, 1251
30040, 31291, 1252
31292, 32543, 1252
32544, 33793, 1250
33794, 35047, 1254
35048, 36298, 1251
36299, 37550, 1252
37551, 38802, 1252
38803, 40054, 1252
40055, 41306, 1252
41307, 42558, 1252
42559, 43811, 1253
43812, 45063, 1252
45064, 46315, 1252
46316, 47567, 1252
47568, 48821, 1254
48822, 50071, 1250
50072, 51323, 1252
51324, 52574, 1251
52575, 53826, 1252
53827, 55078, 1252
55079, 56328, 1250
56329, 57580, 1252
57581, 58831, 1251
58832, 60083, 1252
60084, 61335, 1252
61336, 62587, 1252
62588, 63839, 1252
63840, 65091, 1252
65092, 66344, 1253
66345, 67596, 1252
67597, 68848, 1252
68849, 70100, 1252
70101, 71352, 1252
71353, 72604, 1252
72605, 73857, 1253
73858, 75107, 1250
75108, 76361, 1254
76362, 77613, 1252
77614, 78867, 1254
78868, 80119, 1252
80120, 81373, 1254
81374, 82627, 1254
82628, 83879, 1252
83880, 85130, 1251
85131, 86382, 1252
86383, 87634, 1252
87635, 88888, 1254
88889, 90138, 1250
90139, 91392, 1254
91393, 92646, 1254
92647, 93897, 1251
93898, 95149, 1252
95150, 96401, 1252
96402, 97655, 1254
97656, 98907, 1252
98908, 100159, 1252
100160, 101413, 1254
101414, 102665, 1252
102666, 103916, 1251
103917, 105168, 1252
105169, 106420, 1252
106421, 107670, 1250
107671, 108922, 1252
108923, 110173, 1251
110174, 111427, 1254
111428, 112677, 1250
112678, 113931, 1254
113932, 115183, 1252
115184, 116437, 1254
116438, 117689, 1252
117690, 118941, 1252
118942, 120192, 1251
120193, 121444, 1252
121445, 122698, 1254
122699, 123950, 1252
123951, 125204, 1254
125205, 126456, 1252
126457, 127710, 1254
127711, 128961, 1251
128962, 130215, 1254
130216, 131467, 1252
131468, 132719, 1252
132720, 133971, 1252
133972, 135223, 1252
135224, 136475, 1252
136476, 137726, 1251
137727, 138978, 1252
138979, 140230, 1252
140231, 141482, 1252
141483, 142736, 1254
142737, 143990, 1254
143991, 145242, 1252
145243, 146496, 1254
146497, 147748, 1252
147749, 149001, 1253
149002, 150255, 1254
