Start Index, End Index, Length
0, 2150, 2151
2151, 3401, 1251
3402, 4653, 1252
4654, 5905, 1252
5906, 7157, 1252
7158, 8411, 1254
8412, 9663, 1252
9664, 10915, 1252
10916, 12167, 1252
12168, 13421, 1254
13422, 14673, 1252
14674, 15925, 1252
15926, 17178, 1253
17179, 18432, 1254
18433, 19684, 1252
19685, 20936, 1252
20937, 22188, 1252
22189, 23440, 1252
23441, 24692, 1252
24693, 25944, 1252
25945, 27197, 1253
27198, 28449, 1252
28450, 29701, 1252
29702, 30953, 1252
