Start Index, End Index, Length
0, 1251, 1252
1252, 2503, 1252
2504, 3757, 1254
3758, 5007, 1250
5008, 6260, 1253
6261, 7512, 1252
7513, 8764, 1252
8765, 10014, 1250
10015, 11266, 1252
11267, 12518, 1252
12519, 13771, 1253
13772, 15021, 1250
15022, 16271, 1250
16272, 17523, 1252
17524, 18775, 1252
18776, 20024, 1249
20025, 21277, 1253
21278, 22527, 1250
22528, 23779, 1252
23780, 25029, 1250
25030, 26281, 1252
26282, 27534, 1253
27535, 28786, 1252
28787, 30038, 1252
