Start Index, End Index, Length
0, 1252, 1253
1253, 2505, 1253
2506, 3759, 1254
3760, 5011, 1252
5012, 6263, 1252
6264, 7517, 1254
7518, 8769, 1252
8770, 10021, 1252
10022, 11275, 1254
11276, 12527, 1252
12528, 13780, 1253
13781, 15034, 1254
15035, 16286, 1252
16287, 17538, 1252
17539, 18790, 1252
18791, 20042, 1252
20043, 21296, 1254
21297, 22548, 1252
22549, 23801, 1253
23802, 25055, 1254
25056, 26307, 1252
26308, 27559, 1252
27560, 28813, 1254
28814, 30065, 1252
30066, 31317, 1252
31318, 32569, 1252
32570, 33823, 1254
33824, 35076, 1253
35077, 36328, 1252
36329, 37578, 1250
37579, 38832, 1254
38833, 40084, 1252
40085, 41336, 1252
41337, 42589, 1253
42590, 43841, 1252
43842, 45093, 1252
45094, 46345, 1252
46346, 47597, 1252
47598, 48849, 1252
48850, 50103, 1254
50104, 51355, 1252
51356, 52608, 1253
52609, 53860, 1252
53861, 55112, 1252
55113, 56364, 1252
56365, 57618, 1254
57619, 58870, 1252
58871, 60122, 1252
60123, 61375, 1253
61376, 62627, 1252
62628, 63881, 1254
63882, 65133, 1252
65134, 66385, 1252
66386, 67637, 1252
67638, 68889, 1252
68890, 70141, 1252
70142, 71394, 1253
71395, 72646, 1252
72647, 73898, 1252
73899, 75152, 1254
75153, 76404, 1252
76405, 77658, 1254
77659, 78912, 1254
78913, 80166, 1254
80167, 81418, 1252
81419, 82671, 1253
82672, 83923, 1252
83924, 85175, 1252
85176, 86427, 1252
86428, 87681, 1254
87682, 88931, 1250
88932, 90185, 1254
90186, 91437, 1252
91438, 92691, 1254
92692, 93944, 1253
93945, 95196, 1252
95197, 96448, 1252
96449, 97702, 1254
97703, 98954, 1252
98955, 100206, 1252
100207, 101458, 1252
101459, 102711, 1253
102712, 103963, 1252
103964, 105215, 1252
105216, 106469, 1254
106470, 107721, 1252
107722, 108973, 1252
108974, 110225, 1252
110226, 111479, 1254
111480, 112733, 1254
112734, 113986, 1253
113987, 115238, 1252
115239, 116492, 1254
116493, 117746, 1254
117747, 119000, 1254
119001, 120254, 1254
120255, 121506, 1252
121507, 122758, 1252
122759, 124012, 1254
124013, 125264, 1252
125265, 126516, 1252
126517, 127771, 1255
127772, 129023, 1252
129024, 130275, 1252
130276, 131527, 1252
131528, 132781, 1254
132782, 134033, 1252
134034, 135287, 1254
135288, 136539, 1252
136540, 137791, 1252
137792, 139044, 1253
139045, 140296, 1252
140297, 141550, 1254
141551, 142804, 1254
142805, 144056, 1252
144057, 145308, 1252
145309, 146560, 1252
146561, 147814, 1254
147815, 149070, 1256
149071, 150322, 1252
