Start Index, End Index, Length
0, 1254, 1255
1255, 2506, 1252
2507, 3758, 1252
3759, 5011, 1253
5012, 6263, 1252
6264, 7513, 1250
7514, 8765, 1252
8766, 10019, 1254
10020, 11271, 1252
11272, 12524, 1253
12525, 13774, 1250
13775, 15028, 1254
15029, 16280, 1252
16281, 17532, 1252
17533, 18784, 1252
18785, 20036, 1252
20037, 21288, 1252
21289, 22540, 1252
22541, 23794, 1254
23795, 25046, 1252
25047, 26298, 1252
26299, 27550, 1252
27551, 28802, 1252
28803, 30053, 1251
