Start Index, End Index, Length
0, 1254, 1255
1255, 2506, 1252
2507, 3758, 1252
3759, 5012, 1254
5013, 6264, 1252
6265, 7517, 1253
7518, 8769, 1252
8770, 10023, 1254
10024, 11275, 1252
11276, 12527, 1252
12528, 13779, 1252
13780, 15031, 1252
15032, 16283, 1252
16284, 17536, 1253
17537, 18790, 1254
18791, 20042, 1252
20043, 21294, 1252
21295, 22544, 1250
22545, 23798, 1254
23799, 25049, 1251
25050, 26301, 1252
26302, 27553, 1252
27554, 28807, 1254
28808, 30057, 1250
