Start Index, End Index, Length
0, 1253, 1254
1254, 2505, 1252
2506, 3757, 1252
3758, 5009, 1252
5010, 6261, 1252
6262, 7513, 1252
7514, 8764, 1251
8765, 10016, 1252
10017, 11268, 1252
11269, 12520, 1252
12521, 13772, 1252
13773, 15024, 1252
15025, 16276, 1252
16277, 17529, 1253
17530, 18783, 1254
18784, 20035, 1252
20036, 21287, 1252
21288, 22539, 1252
22540, 23791, 1252
23792, 25043, 1252
25044, 26296, 1253
26297, 27548, 1252
27549, 28802, 1254
28803, 30052, 1250
