Start Index, End Index, Length
0, 2134, 2135
2135, 3386, 1252
3387, 4638, 1252
4639, 5888, 1250
5889, 7142, 1254
7143, 8392, 1250
8393, 9645, 1253
9646, 10897, 1252
10898, 12149, 1252
12150, 13401, 1252
13402, 14653, 1252
14654, 15903, 1250
15904, 17156, 1253
17157, 18408, 1252
18409, 19660, 1252
19661, 20912, 1252
20913, 22164, 1252
22165, 23416, 1252
23417, 24669, 1253
24670, 25921, 1252
25922, 27173, 1252
27174, 28425, 1252
28426, 29679, 1254
29680, 30931, 1252
