Start Index, End Index, Length
0, 1252, 1253
1253, 2505, 1253
2506, 3759, 1254
3760, 5009, 1250
5010, 6261, 1252
6262, 7513, 1252
7514, 8765, 1252
8766, 10017, 1252
10018, 11270, 1253
11271, 12522, 1252
12523, 13774, 1252
13775, 15026, 1252
15027, 16278, 1252
16279, 17530, 1252
17531, 18783, 1253
18784, 20035, 1252
20036, 21287, 1252
21288, 22539, 1252
22540, 23791, 1252
23792, 25043, 1252
25044, 26295, 1252
26296, 27548, 1253
27549, 28798, 1250
28799, 30050, 1252
