Start Index, End Index, Length
0, 3328, 3329
3329, 4581, 1253
4582, 5833, 1252
5834, 7085, 1252
7086, 8337, 1252
8338, 9589, 1252
9590, 10841, 1252
10842, 12094, 1253
12095, 13344, 1250
13345, 14598, 1254
14599, 15848, 1250
15849, 17102, 1254
17103, 18352, 1250
18353, 19605, 1253
19606, 20857, 1252
20858, 22109, 1252
22110, 23361, 1252
23362, 24613, 1252
24614, 25865, 1252
25866, 27117, 1252
27118, 28370, 1253
28371, 29622, 1252
29623, 30874, 1252
