Start Index, End Index, Length
0, 1252, 1253
1253, 2505, 1253
2506, 3757, 1252
3758, 5009, 1252
5010, 6261, 1252
6262, 7511, 1250
7512, 8763, 1252
8764, 10016, 1253
10017, 11268, 1252
11269, 12520, 1252
12521, 13772, 1252
13773, 15026, 1254
15027, 16278, 1252
16279, 17528, 1250
17529, 18783, 1255
18784, 20033, 1250
20034, 21287, 1254
21288, 22539, 1252
22540, 23791, 1252
23792, 25041, 1250
25042, 26294, 1253
26295, 27548, 1254
27549, 28800, 1252
28801, 30052, 1252
