Start Index, End Index, Length
0, 1252, 1253
1253, 2502, 1250
2503, 3754, 1252
3755, 5007, 1253
5008, 6259, 1252
6260, 7509, 1250
7510, 8761, 1252
8762, 10013, 1252
10014, 11265, 1252
11266, 12518, 1253
12519, 13770, 1252
13771, 15022, 1252
15023, 16276, 1254
16277, 17526, 1250
17527, 18780, 1254
18781, 20030, 1250
20031, 21283, 1253
21284, 22537, 1254
22538, 23789, 1252
23790, 25039, 1250
25040, 26293, 1254
26294, 27545, 1252
27546, 28796, 1251
28797, 30048, 1252
30049, 31302, 1254
31303, 32552, 1250
32553, 33806, 1254
33807, 35058, 1252
35059, 36310, 1252
36311, 37562, 1252
37563, 38815, 1253
38816, 40067, 1252
40068, 41319, 1252
41320, 42571, 1252
42572, 43821, 1250
43822, 45073, 1252
45074, 46326, 1253
46327, 47578, 1252
47579, 48830, 1252
48831, 50080, 1250
50081, 51334, 1254
51335, 52586, 1252
52587, 53839, 1253
53840, 55091, 1252
55092, 56343, 1252
56344, 57595, 1252
57596, 58845, 1250
58846, 60097, 1252
60098, 61348, 1251
61349, 62600, 1252
62601, 63852, 1252
63853, 65102, 1250
65103, 66354, 1252
66355, 67607, 1253
67608, 68857, 1250
68858, 70109, 1252
70110, 71361, 1252
71362, 72613, 1252
72614, 73865, 1252
73866, 75118, 1253
75119, 76372, 1254
76373, 77624, 1252
77625, 78878, 1254
78879, 80132, 1254
80133, 81384, 1252
81385, 82638, 1254
82639, 83892, 1254
83893, 85144, 1252
85145, 86398, 1254
86399, 87650, 1252
87651, 88903, 1253
88904, 90157, 1254
90158, 91411, 1254
91412, 92663, 1252
92664, 93917, 1254
93918, 95169, 1252
95170, 96421, 1252
96422, 97673, 1252
97674, 98925, 1252
98926, 100179, 1254
100180, 101432, 1253
101433, 102686, 1254
102687, 103938, 1252
103939, 105192, 1254
105193, 106446, 1254
106447, 107698, 1252
107699, 108952, 1254
108953, 110206, 1254
110207, 111458, 1252
111459, 112712, 1254
112713, 113966, 1254
113967, 115218, 1252
115219, 116471, 1253
116472, 117725, 1254
117726, 118979, 1254
118980, 120231, 1252
120232, 121485, 1254
121486, 122739, 1254
122740, 123993, 1254
123994, 125243, 1250
125244, 126497, 1254
126498, 127749, 1252
127750, 129001, 1252
129002, 130255, 1254
130256, 131508, 1253
131509, 132760, 1252
132761, 134014, 1254
134015, 135266, 1252
135267, 136518, 1252
136519, 137770, 1252
137771, 139024, 1254
139025, 140276, 1252
140277, 141529, 1253
141530, 142783, 1254
142784, 144035, 1252
144036, 145289, 1254
145290, 146543, 1254
146544, 147795, 1252
147796, 149047, 1252
149048, 150301, 1254
