Start Index, End Index, Length
0, 1252, 1253
1253, 2503, 1251
2504, 3755, 1252
3756, 5007, 1252
5008, 6261, 1254
6262, 7513, 1252
7514, 8765, 1252
8766, 10017, 1252
10018, 11270, 1253
11271, 12522, 1252
12523, 13774, 1252
13775, 15024, 1250
15025, 16276, 1252
16277, 17528, 1252
17529, 18779, 1251
18780, 20031, 1252
20032, 21283, 1252
21284, 22535, 1252
22536, 23787, 1252
23788, 25041, 1254
25042, 26294, 1253
26295, 27544, 1250
27545, 28796, 1252
28797, 30050, 1254
