Start Index, End Index, Length
0, 1250, 1251
1251, 2502, 1252
2503, 3754, 1252
3755, 5007, 1253
5008, 6257, 1250
6258, 7511, 1254
7512, 8761, 1250
8762, 10013, 1252
10014, 11264, 1251
11265, 12516, 1252
12517, 13766, 1250
13767, 15018, 1252
15019, 16270, 1252
16271, 17522, 1252
17523, 18775, 1253
18776, 20025, 1250
20026, 21277, 1252
21278, 22527, 1250
22528, 23779, 1252
23780, 25032, 1253
25033, 26284, 1252
26285, 27536, 1252
27537, 28788, 1252
28789, 30038, 1250
30039, 31290, 1252
31291, 32543, 1253
32544, 33795, 1252
33796, 35045, 1250
35046, 36297, 1252
36298, 37549, 1252
37550, 38800, 1251
38801, 40052, 1252
40053, 41302, 1250
41303, 42554, 1252
42555, 43806, 1252
43807, 45059, 1253
45060, 46309, 1250
46310, 47561, 1252
47562, 48811, 1250
48812, 50063, 1252
50064, 51314, 1251
51315, 52566, 1252
52567, 53818, 1252
53819, 55070, 1252
55071, 56322, 1252
56323, 57573, 1251
57574, 58825, 1252
58826, 60077, 1252
60078, 61327, 1250
61328, 62579, 1252
62580, 63831, 1252
63832, 65084, 1253
65085, 66336, 1252
66337, 67588, 1252
67589, 68840, 1252
68841, 70092, 1252
70093, 71344, 1252
71345, 72596, 1252
72597, 73849, 1253
73850, 75103, 1254
75104, 76355, 1252
76356, 77607, 1252
77608, 78859, 1252
78860, 80113, 1254
80114, 81363, 1250
81364, 82617, 1254
82618, 83870, 1253
83871, 85124, 1254
85125, 86376, 1252
86377, 87628, 1252
87629, 88880, 1252
88881, 90134, 1254
90135, 91386, 1252
91387, 92640, 1254
92641, 93892, 1252
93893, 95146, 1254
95147, 96399, 1253
96400, 97651, 1252
97652, 98903, 1252
98904, 100157, 1254
100158, 101409, 1252
101410, 102661, 1252
102662, 103915, 1254
103916, 105167, 1252
105168, 106420, 1253
106421, 107672, 1252
107673, 108926, 1254
108927, 110178, 1252
110179, 111430, 1252
111431, 112682, 1252
112683, 113936, 1254
113937, 115190, 1254
115191, 116442, 1252
116443, 117695, 1253
117696, 118947, 1252
118948, 120201, 1254
120202, 121453, 1252
121454, 122707, 1254
122708, 123959, 1252
123960, 125212, 1253
125213, 126465, 1253
126466, 127717, 1252
127718, 128970, 1253
128971, 130224, 1254
130225, 131476, 1252
131477, 132730, 1254
132731, 133982, 1252
133983, 135234, 1252
135235, 136488, 1254
136489, 137740, 1252
137741, 138992, 1252
138993, 140246, 1254
140247, 141499, 1253
141500, 142751, 1252
142752, 144003, 1252
144004, 145253, 1250
145254, 146507, 1254
146508, 147759, 1252
147760, 149012, 1253
149013, 150264, 1252
