Start Index, End Index, Length
0, 1251, 1252
1252, 2503, 1252
2504, 3753, 1250
3754, 5005, 1252
5006, 6257, 1252
6258, 7511, 1254
7512, 8762, 1251
8763, 10014, 1252
10015, 11266, 1252
11267, 12518, 1252
12519, 13770, 1252
13771, 15022, 1252
15023, 16274, 1252
16275, 17527, 1253
17528, 18777, 1250
18778, 20029, 1252
20030, 21281, 1252
21282, 22533, 1252
22534, 23785, 1252
23786, 25038, 1253
25039, 26288, 1250
26289, 27540, 1252
27541, 28792, 1252
28793, 30044, 1252
