Start Index, End Index, Length
0, 1253, 1254
1254, 2505, 1252
2506, 3756, 1251
3757, 5008, 1252
5009, 6259, 1251
6260, 7510, 1251
7511, 8762, 1252
8763, 10015, 1253
10016, 11265, 1250
11266, 12517, 1252
12518, 13769, 1252
13770, 15021, 1252
15022, 16272, 1251
16273, 17524, 1252
17525, 18776, 1252
18777, 20026, 1250
20027, 21278, 1252
21279, 22530, 1252
22531, 23783, 1253
23784, 25033, 1250
25034, 26285, 1252
26286, 27537, 1252
27538, 28787, 1250
28788, 30040, 1253
