Start Index, End Index, Length
0, 1252, 1253
1253, 2503, 1251
2504, 3755, 1252
3756, 5005, 1250
5006, 6259, 1254
6260, 7509, 1250
7510, 8762, 1253
8763, 10014, 1252
10015, 11266, 1252
11267, 12516, 1250
12517, 13768, 1252
13769, 15021, 1253
15022, 16271, 1250
16272, 17525, 1254
17526, 18775, 1250
18776, 20027, 1252
20028, 21279, 1252
21280, 22532, 1253
22533, 23782, 1250
23783, 25034, 1252
25035, 26284, 1250
26285, 27538, 1254
27539, 28789, 1251
28790, 30039, 1250
30040, 31291, 1252
31292, 32541, 1250
32542, 33793, 1252
33794, 35046, 1253
35047, 36298, 1252
36299, 37550, 1252
37551, 38800, 1250
38801, 40052, 1252
40053, 41303, 1251
41304, 42555, 1252
42556, 43805, 1250
43806, 45057, 1252
45058, 46309, 1252
46310, 47560, 1251
47561, 48812, 1252
48813, 50062, 1250
50063, 51314, 1252
51315, 52564, 1250
52565, 53816, 1252
53817, 55067, 1251
55068, 56319, 1252
56320, 57568, 1249
57569, 58821, 1253
58822, 60073, 1252
60074, 61325, 1252
61326, 62575, 1250
62576, 63827, 1252
63828, 65080, 1253
65081, 66332, 1252
66333, 67584, 1252
67585, 68834, 1250
68835, 70084, 1250
70085, 71337, 1253
71338, 72587, 1250
72588, 73841, 1254
73842, 75095, 1254
75096, 76347, 1252
76348, 77601, 1254
77602, 78853, 1252
78854, 80105, 1252
80106, 81356, 1251
81357, 82608, 1252
82609, 83860, 1252
83861, 85112, 1252
85113, 86366, 1254
86367, 87616, 1250
87617, 88870, 1254
88871, 90121, 1251
90122, 91373, 1252
91374, 92625, 1252
92626, 93877, 1252
93878, 95129, 1252
95130, 96381, 1252
96382, 97634, 1253
97635, 98886, 1252
98887, 100138, 1252
100139, 101392, 1254
101393, 102646, 1254
102647, 103898, 1252
103899, 105150, 1252
105151, 106401, 1251
106402, 107653, 1252
107654, 108907, 1254
108908, 110157, 1250
110158, 111411, 1254
111412, 112665, 1254
112666, 113917, 1252
113918, 115167, 1250
115168, 116420, 1253
116421, 117672, 1252
117673, 118926, 1254
118927, 120178, 1252
120179, 121432, 1254
121433, 122684, 1252
122685, 123938, 1254
123939, 125188, 1250
125189, 126442, 1254
126443, 127695, 1253
127696, 128949, 1254
128950, 130201, 1252
130202, 131455, 1254
131456, 132707, 1252
132708, 133959, 1252
133960, 135211, 1252
135212, 136463, 1252
136464, 137714, 1251
137715, 138966, 1252
138967, 140218, 1252
140219, 141472, 1254
141473, 142724, 1252
142725, 143978, 1254
143979, 145228, 1250
145229, 146481, 1253
146482, 147733, 1252
147734, 148985, 1252
148986, 150237, 1252
