Start Index, End Index, Length
0, 2307, 2308
2308, 3559, 1252
3560, 4810, 1251
4811, 6060, 1250
6061, 7314, 1254
7315, 8566, 1252
8567, 9818, 1252
9819, 11069, 1251
11070, 12321, 1252
12322, 13573, 1252
13574, 14825, 1252
14826, 16077, 1252
16078, 17329, 1252
17330, 18582, 1253
18583, 19832, 1250
19833, 21084, 1252
21085, 22338, 1254
22339, 23590, 1252
23591, 24842, 1252
24843, 26093, 1251
26094, 27345, 1252
27346, 28599, 1254
28600, 29851, 1252
29852, 31101, 1250
