Start Index, End Index, Length
0, 1252, 1253
1253, 2506, 1254
2507, 3756, 1250
3757, 5010, 1254
5011, 6261, 1251
6262, 7515, 1254
7516, 8767, 1252
8768, 10019, 1252
10020, 11271, 1252
11272, 12523, 1252
12524, 13775, 1252
13776, 15028, 1253
15029, 16280, 1252
16281, 17534, 1254
17535, 18786, 1252
18787, 20038, 1252
20039, 21290, 1252
21291, 22542, 1252
22543, 23795, 1253
23796, 25047, 1252
25048, 26299, 1252
26300, 27551, 1252
27552, 28803, 1252
28804, 30057, 1254
