Start Index, End Index, Length
0, 1253, 1254
1254, 2507, 1254
2508, 3759, 1252
3760, 5009, 1250
5010, 6261, 1252
6262, 7513, 1252
7514, 8765, 1252
8766, 10018, 1253
10019, 11270, 1252
11271, 12522, 1252
12523, 13774, 1252
13775, 15026, 1252
15027, 16278, 1252
16279, 17532, 1254
17533, 18783, 1251
18784, 20035, 1252
20036, 21287, 1252
21288, 22535, 1248
22536, 23787, 1252
23788, 25040, 1253
25041, 26290, 1250
26291, 27544, 1254
27545, 28794, 1250
28795, 30047, 1253
30048, 31297, 1250
31298, 32549, 1252
32550, 33801, 1252
33802, 35054, 1253
35055, 36306, 1252
36307, 37558, 1252
37559, 38810, 1252
38811, 40063, 1253
40064, 41315, 1252
41316, 42567, 1252
42568, 43843, 1276
43844, 45095, 1252
45096, 46347, 1252
46348, 47601, 1254
47602, 48849, 1248
48850, 50102, 1253
50103, 51353, 1251
51354, 52605, 1252
52606, 53857, 1252
53858, 55109, 1252
55110, 56359, 1250
56360, 57613, 1254
57614, 58864, 1251
58865, 60118, 1254
60119, 61368, 1250
61369, 62620, 1252
62621, 63872, 1252
63873, 65126, 1254
65127, 66377, 1251
66378, 67630, 1253
67631, 68882, 1252
68883, 70134, 1252
70135, 71386, 1252
71387, 72638, 1252
72639, 73890, 1252
73891, 75143, 1253
75144, 76393, 1250
76394, 77645, 1252
77646, 78899, 1254
78900, 80151, 1252
80152, 81403, 1252
81404, 82655, 1252
82656, 83908, 1253
83909, 85162, 1254
85163, 86414, 1252
86415, 87666, 1252
87667, 88918, 1252
88919, 90172, 1254
90173, 91424, 1252
91425, 92678, 1254
92679, 93930, 1252
93931, 95183, 1253
95184, 96437, 1254
96438, 97687, 1250
97688, 98939, 1252
98940, 100191, 1252
100192, 101445, 1254
101446, 102697, 1252
102698, 103950, 1253
103951, 105204, 1254
105205, 106454, 1250
106455, 107708, 1254
107709, 108962, 1254
108963, 110212, 1250
110213, 111464, 1252
111465, 112717, 1253
112718, 113969, 1252
113970, 115221, 1252
115222, 116473, 1252
116474, 117725, 1252
117726, 118977, 1252
118978, 120231, 1254
120232, 121483, 1252
121484, 122734, 1251
122735, 123986, 1252
123987, 125238, 1252
125239, 126490, 1252
126491, 127742, 1252
127743, 128994, 1252
128995, 130247, 1253
130248, 131499, 1252
131500, 132751, 1252
132752, 134003, 1252
134004, 135255, 1252
135256, 136507, 1252
136508, 137760, 1253
137761, 139010, 1250
139011, 140262, 1252
140263, 141514, 1252
141515, 142764, 1250
142765, 144018, 1254
144019, 145271, 1253
145272, 146523, 1252
146524, 147773, 1250
147774, 149025, 1252
149026, 150279, 1254
