Start Index, End Index, Length
0, 1254, 1255
1255, 2504, 1250
2505, 3758, 1254
3759, 5009, 1251
5010, 6261, 1252
6262, 7515, 1254
7516, 8767, 1252
8768, 10019, 1252
10020, 11271, 1252
11272, 12523, 1252
12524, 13776, 1253
13777, 15028, 1252
15029, 16282, 1254
16283, 17534, 1252
17535, 18784, 1250
18785, 20038, 1254
20039, 21290, 1252
21291, 22543, 1253
22544, 23795, 1252
23796, 25047, 1252
25048, 26299, 1252
26300, 27551, 1252
27552, 28803, 1252
28804, 30055, 1252
