Start Index, End Index, Length
0, 1251, 1252
1252, 2502, 1251
2503, 3754, 1252
3755, 4993, 1239
4994, 6245, 1252
6246, 7470, 1225
7471, 8722, 1252
8723, 9972, 1250
9973, 11224, 1252
11225, 12477, 1253
12478, 13729, 1252
13730, 14980, 1251
14981, 16231, 1251
16232, 17481, 1250
17482, 18729, 1248
18730, 19983, 1254
19984, 21235, 1252
21236, 22485, 1250
22486, 23737, 1252
23738, 24989, 1252
24990, 26243, 1254
26244, 27496, 1253
27497, 28746, 1250
28747, 29998, 1252
