Start Index, End Index, Length
0, 1254, 1255
1255, 2506, 1252
2507, 3757, 1251
3758, 5009, 1252
5010, 6259, 1250
6260, 7511, 1252
7512, 8763, 1252
8764, 10016, 1253
10017, 11268, 1252
11269, 12520, 1252
12521, 13772, 1252
13773, 15024, 1252
15025, 16276, 1252
16277, 17529, 1253
17530, 18781, 1252
18782, 20033, 1252
20034, 21285, 1252
21286, 22537, 1252
22538, 23789, 1252
23790, 25041, 1252
25042, 26294, 1253
26295, 27546, 1252
27547, 28796, 1250
28797, 30048, 1252
