Start Index, End Index, Length
0, 1252, 1253
1253, 2504, 1252
2505, 3758, 1254
3759, 5008, 1250
5009, 6262, 1254
6263, 7514, 1252
7515, 8766, 1252
8767, 10020, 1254
10021, 11272, 1252
11273, 12522, 1250
12523, 13774, 1252
13775, 15026, 1252
15027, 16277, 1251
16278, 17529, 1252
17530, 18783, 1254
18784, 20035, 1252
20036, 21287, 1252
21288, 22539, 1252
22540, 23792, 1253
23793, 25042, 1250
25043, 26294, 1252
26295, 27546, 1252
27547, 28800, 1254
28801, 30050, 1250
