Start Index, End Index, Length
0, 857, 858
858, 2109, 1252
2110, 3361, 1252
3362, 4614, 1253
4615, 5866, 1252
5867, 7119, 1253
7120, 8370, 1251
8371, 9622, 1252
9623, 10874, 1252
10875, 12126, 1252
12127, 13378, 1252
13379, 14630, 1252
14631, 15883, 1253
15884, 17135, 1252
17136, 18387, 1252
18388, 19639, 1252
19640, 20891, 1252
20892, 22143, 1252
22144, 23396, 1253
23397, 24648, 1252
24649, 25900, 1252
25901, 27150, 1250
27151, 28402, 1252
28403, 29654, 1252
