Start Index, End Index, Length
0, 1253, 1254
1254, 2503, 1250
2504, 3757, 1254
3758, 5009, 1252
5010, 6259, 1250
6260, 7511, 1252
7512, 8764, 1253
8765, 10014, 1250
10015, 11266, 1252
11267, 12518, 1252
12519, 13770, 1252
13771, 15022, 1252
15023, 16275, 1253
16276, 17527, 1252
17528, 18779, 1252
18780, 20029, 1250
20030, 21281, 1252
21282, 22533, 1252
22534, 23786, 1253
23787, 25036, 1250
25037, 26288, 1252
26289, 27540, 1252
27541, 28792, 1252
28793, 30043, 1251
