Start Index, End Index, Length
0, 2154, 2155
2155, 3406, 1252
3407, 4656, 1250
4657, 5908, 1252
5909, 7159, 1251
7160, 8411, 1252
8412, 9663, 1252
9664, 10913, 1250
10914, 12165, 1252
12166, 13418, 1253
13419, 14670, 1252
14671, 15920, 1250
15921, 17172, 1252
17173, 18422, 1250
18423, 19675, 1253
19676, 20927, 1252
20928, 22179, 1252
22180, 23429, 1250
23430, 24681, 1252
24682, 25933, 1252
25934, 27186, 1253
27187, 28438, 1252
28439, 29690, 1252
29691, 30940, 1250
