Start Index, End Index, Length
0, 1252, 1253
1253, 2506, 1254
2507, 3759, 1253
3760, 5011, 1252
5012, 6263, 1252
6264, 7515, 1252
7516, 8765, 1250
8766, 10017, 1252
10018, 11270, 1253
11271, 12524, 1254
12525, 13774, 1250
13775, 15026, 1252
15027, 16278, 1252
16279, 17530, 1252
17531, 18783, 1253
18784, 20035, 1252
20036, 21287, 1252
21288, 22541, 1254
22542, 23791, 1250
23792, 25043, 1252
25044, 26294, 1251
26295, 27547, 1253
27548, 28799, 1252
28800, 30051, 1252
30052, 31305, 1254
31306, 32557, 1252
32558, 33809, 1252
33810, 35061, 1252
35062, 36312, 1251
36313, 37564, 1252
37565, 38816, 1252
38817, 40068, 1252
40069, 41320, 1252
41321, 42572, 1252
42573, 43825, 1253
43826, 45077, 1252
45078, 46329, 1252
46330, 47581, 1252
47582, 48833, 1252
48834, 50085, 1252
50086, 51337, 1252
51338, 52590, 1253
52591, 53842, 1252
53843, 55094, 1252
55095, 56346, 1252
56347, 57596, 1250
57597, 58849, 1253
58850, 60101, 1252
60102, 61353, 1252
61354, 62605, 1252
62606, 63857, 1252
63858, 65109, 1252
65110, 66361, 1252
66362, 67614, 1253
67615, 68866, 1252
68867, 70118, 1252
70119, 71372, 1254
71373, 72624, 1252
72625, 73876, 1252
73877, 75130, 1254
75131, 76382, 1252
76383, 77636, 1254
77637, 78889, 1253
78890, 80141, 1252
80142, 81395, 1254
81396, 82647, 1252
82648, 83901, 1254
83902, 85155, 1254
85156, 86409, 1254
86410, 87661, 1252
87662, 88915, 1254
88916, 90167, 1252
90168, 91421, 1254
91422, 92674, 1253
92675, 93926, 1252
93927, 95178, 1252
95179, 96432, 1254
96433, 97684, 1252
97685, 98938, 1254
98939, 100190, 1252
100191, 101444, 1254
101445, 102696, 1252
102697, 103949, 1253
103950, 105203, 1254
105204, 106455, 1252
106456, 107707, 1252
107708, 108961, 1254
108962, 110215, 1254
110216, 111467, 1252
111468, 112721, 1254
112722, 113973, 1252
113974, 115227, 1254
115228, 116481, 1254
116482, 117733, 1252
117734, 118987, 1254
118988, 120242, 1255
120243, 121494, 1252
121495, 122750, 1256
122751, 124000, 1250
124001, 125254, 1254
125255, 126506, 1252
126507, 127760, 1254
127761, 129014, 1254
129015, 130266, 1252
130267, 131518, 1252
131519, 132772, 1254
132773, 134025, 1253
134026, 135277, 1252
135278, 136531, 1254
136532, 137783, 1252
137784, 139035, 1252
139036, 140289, 1254
140290, 141541, 1252
141542, 142795, 1254
142796, 144047, 1252
144048, 145301, 1254
145302, 146554, 1253
146555, 147806, 1252
147807, 149060, 1254
149061, 150312, 1252
