Start Index, End Index, Length
0, 2177, 2178
2178, 3427, 1250
3428, 4677, 1250
4678, 5929, 1252
5930, 7182, 1253
7183, 8432, 1250
8433, 9684, 1252
9685, 10936, 1252
10937, 12188, 1252
12189, 13439, 1251
13440, 14689, 1250
14690, 15941, 1252
15942, 17191, 1250
17192, 18442, 1251
18443, 19694, 1252
19695, 20944, 1250
20945, 22196, 1252
22197, 23446, 1250
23447, 24699, 1253
24700, 25951, 1252
25952, 27200, 1249
27201, 28447, 1247
28448, 29699, 1252
29700, 30951, 1252
