Start Index, End Index, Length
0, 1253, 1254
1254, 2503, 1250
2504, 3753, 1250
3754, 5005, 1252
5006, 6255, 1250
6256, 7506, 1251
7507, 8758, 1252
8759, 10008, 1250
10009, 11260, 1252
11261, 12511, 1251
12512, 13761, 1250
13762, 15013, 1252
15014, 16263, 1250
16264, 17515, 1252
17516, 18766, 1251
18767, 20018, 1252
20019, 21268, 1250
21269, 22520, 1252
22521, 23772, 1252
23773, 25023, 1251
25024, 26275, 1252
26276, 27527, 1252
27528, 28777, 1250
28778, 30029, 1252
30030, 31280, 1251
31281, 32532, 1252
32533, 33782, 1250
33783, 35032, 1250
35033, 36285, 1253
36286, 37537, 1252
37538, 38787, 1250
38788, 40037, 1250
40038, 41288, 1251
41289, 42540, 1252
42541, 43790, 1250
43791, 45042, 1252
45043, 46294, 1252
46295, 47545, 1251
47546, 48795, 1250
48796, 50047, 1252
50048, 51297, 1250
51298, 52549, 1252
52550, 53800, 1251
53801, 55052, 1252
55053, 56302, 1250
56303, 57554, 1252
57555, 58806, 1252
58807, 60059, 1253
60060, 61311, 1252
61312, 62561, 1250
62562, 63813, 1252
63814, 65063, 1250
65064, 66314, 1251
66315, 67566, 1252
67567, 68818, 1252
68819, 70070, 1252
70071, 71320, 1250
71321, 72573, 1253
72574, 73823, 1250
73824, 75075, 1252
75076, 76327, 1252
76328, 77577, 1250
77578, 78830, 1253
78831, 80082, 1252
80083, 81334, 1252
81335, 82586, 1252
82587, 83838, 1252
83839, 85088, 1250
85089, 86339, 1251
86340, 87591, 1252
87592, 88841, 1250
88842, 90093, 1252
90094, 91345, 1252
91346, 92599, 1254
92600, 93852, 1253
93853, 95104, 1252
95105, 96358, 1254
96359, 97608, 1250
97609, 98860, 1252
98861, 100112, 1252
100113, 101362, 1250
101363, 102616, 1254
102617, 103868, 1252
103869, 105122, 1254
105123, 106374, 1252
106375, 107625, 1251
107626, 108875, 1250
108876, 110125, 1250
110126, 111377, 1252
111378, 112628, 1251
112629, 113880, 1252
113881, 115132, 1252
115133, 116384, 1252
116385, 117636, 1252
117637, 118888, 1252
118889, 120141, 1253
120142, 121393, 1252
121394, 122647, 1254
122648, 123899, 1252
123900, 125151, 1252
125152, 126403, 1252
126404, 127653, 1250
127654, 128906, 1253
128907, 130156, 1250
130157, 131408, 1252
131409, 132660, 1252
132661, 133910, 1250
133911, 135163, 1253
135164, 136413, 1250
136414, 137665, 1252
137666, 138917, 1252
138918, 140167, 1250
140168, 141420, 1253
141421, 142672, 1252
142673, 143926, 1254
143927, 145176, 1250
145177, 146428, 1252
146429, 147680, 1252
147681, 148933, 1253
148934, 150185, 1252
