Start Index, End Index, Length
0, 2291, 2292
2292, 3545, 1254
3546, 4797, 1252
4798, 6049, 1252
6050, 7301, 1252
7302, 8555, 1254
8556, 9808, 1253
9809, 11060, 1252
11061, 12312, 1252
12313, 13564, 1252
13565, 14814, 1250
14815, 16067, 1253
16068, 17319, 1252
17320, 18571, 1252
18572, 19825, 1254
19826, 21075, 1250
21076, 22327, 1252
22328, 23579, 1252
23580, 24832, 1253
24833, 26084, 1252
26085, 27336, 1252
27337, 28588, 1252
28589, 29842, 1254
29843, 31092, 1250
