Start Index, End Index, Length
0, 1252, 1253
1253, 2503, 1251
2504, 3755, 1252
3756, 5005, 1250
5006, 6257, 1252
6258, 7509, 1252
7510, 8762, 1253
8763, 10012, 1250
10013, 11264, 1252
11265, 12516, 1252
12517, 13766, 1250
13767, 15019, 1253
15020, 16269, 1250
16270, 17521, 1252
17522, 18773, 1252
18774, 20023, 1250
20024, 21276, 1253
21277, 22528, 1252
22529, 23778, 1250
23779, 25030, 1252
25031, 26282, 1252
26283, 27534, 1252
27535, 28785, 1251
28786, 30037, 1252
