Start Index, End Index, Length
0, 1252, 1253
1253, 2504, 1252
2505, 3758, 1254
3759, 5010, 1252
5011, 6263, 1253
6264, 7515, 1252
7516, 8767, 1252
8768, 10021, 1254
10022, 11273, 1252
11274, 12525, 1252
12526, 13777, 1252
13778, 15030, 1253
15031, 16282, 1252
16283, 17534, 1252
17535, 18786, 1252
18787, 20040, 1254
20041, 21292, 1252
21293, 22546, 1254
22547, 23798, 1252
23799, 25050, 1252
25051, 26305, 1255
26306, 27555, 1250
27556, 28809, 1254
28810, 30061, 1252
