Start Index, End Index, Length
0, 1251, 1252
1252, 2503, 1252
2504, 3755, 1252
3756, 5005, 1250
5006, 6255, 1250
6256, 7506, 1251
7507, 8758, 1252
8759, 10010, 1252
10011, 11262, 1252
11263, 12514, 1252
12515, 13765, 1251
13766, 15017, 1252
15018, 16267, 1250
16268, 17519, 1252
17520, 18771, 1252
18772, 20024, 1253
20025, 21274, 1250
21275, 22526, 1252
22527, 23778, 1252
23779, 25028, 1250
25029, 26281, 1253
26282, 27531, 1250
27532, 28783, 1252
28784, 30035, 1252
30036, 31287, 1252
31288, 32538, 1251
32539, 33790, 1252
33791, 35042, 1252
35043, 36292, 1250
36293, 37544, 1252
37545, 38796, 1252
38797, 40047, 1251
40048, 41297, 1250
41298, 42549, 1252
42550, 43801, 1252
43802, 45053, 1252
45054, 46304, 1251
46305, 47556, 1252
47557, 48808, 1252
48809, 50060, 1252
50061, 51312, 1252
51313, 52563, 1251
52564, 53815, 1252
53816, 55065, 1250
55066, 56317, 1252
56318, 57569, 1252
57570, 58820, 1251
58821, 60072, 1252
60073, 61324, 1252
61325, 62576, 1252
62577, 63826, 1250
63827, 65078, 1252
65079, 66331, 1253
66332, 67581, 1250
67582, 68835, 1254
68836, 70085, 1250
70086, 71337, 1252
71338, 72589, 1252
72590, 73840, 1251
73841, 75092, 1252
75093, 76346, 1254
76347, 77598, 1252
77599, 78850, 1252
78851, 80104, 1254
80105, 81356, 1252
81357, 82609, 1253
82610, 83861, 1252
83862, 85115, 1254
85116, 86365, 1250
86366, 87617, 1252
87618, 88869, 1252
88870, 90121, 1252
90122, 91375, 1254
91376, 92628, 1253
92629, 93880, 1252
93881, 95134, 1254
95135, 96386, 1252
96387, 97638, 1252
97639, 98890, 1252
98891, 100142, 1252
100143, 101393, 1251
101394, 102645, 1252
102646, 103899, 1254
103900, 105151, 1252
105152, 106403, 1252
106404, 107655, 1252
107656, 108907, 1252
108908, 110160, 1253
110161, 111410, 1250
111411, 112664, 1254
112665, 113916, 1252
113917, 115168, 1252
115169, 116420, 1252
116421, 117673, 1253
117674, 118925, 1252
118926, 120179, 1254
120180, 121431, 1252
121432, 122683, 1252
122684, 123935, 1252
123936, 125187, 1252
125188, 126438, 1251
126439, 127692, 1254
127693, 128944, 1252
128945, 130196, 1252
130197, 131448, 1252
131449, 132700, 1252
132701, 133954, 1254
133955, 135206, 1252
135207, 136459, 1253
136460, 137709, 1250
137710, 138963, 1254
138964, 140215, 1252
140216, 141469, 1254
141470, 142721, 1252
142722, 143973, 1252
143974, 145226, 1253
145227, 146480, 1254
146481, 147732, 1252
147733, 148984, 1252
148985, 150236, 1252
