Start Index, End Index, Length
0, 1253, 1254
1254, 2505, 1252
2506, 3758, 1253
3759, 5008, 1250
5009, 6260, 1252
6261, 7511, 1251
7512, 8762, 1251
8763, 10014, 1252
10015, 11265, 1251
11266, 12517, 1252
12518, 13769, 1252
13770, 15022, 1253
15023, 16271, 1249
16272, 17521, 1250
17522, 18775, 1254
18776, 20025, 1250
20026, 21278, 1253
21279, 22526, 1248
22527, 23778, 1252
23779, 25030, 1252
25031, 26282, 1252
26283, 27534, 1252
27535, 28785, 1251
28786, 30039, 1254
