Start Index, End Index, Length
0, 1251, 1252
1252, 2504, 1253
2505, 3756, 1252
3757, 5010, 1254
5011, 6263, 1253
6264, 7517, 1254
7518, 8769, 1252
8770, 10022, 1253
10023, 11268, 1246
11269, 12522, 1254
12523, 13775, 1253
13776, 15025, 1250
15026, 16278, 1253
16279, 17530, 1252
17531, 18781, 1251
18782, 20034, 1253
20035, 21286, 1252
21287, 22537, 1251
22538, 23789, 1252
23790, 25041, 1252
25042, 26293, 1252
26294, 27541, 1248
27542, 28794, 1253
28795, 30040, 1246
