Start Index, End Index, Length
0, 1252, 1253
1253, 2502, 1250
2503, 3754, 1252
3755, 5006, 1252
5007, 6259, 1253
6260, 7513, 1254
7514, 8765, 1252
8766, 10017, 1252
10018, 11269, 1252
11270, 12519, 1250
12520, 13773, 1254
13774, 15024, 1251
15025, 16276, 1252
16277, 17528, 1252
17529, 18780, 1252
18781, 20030, 1250
20031, 21283, 1253
21284, 22535, 1252
22536, 23787, 1252
23788, 25039, 1252
25040, 26291, 1252
26292, 27543, 1252
27544, 28794, 1251
28795, 30046, 1252
