Start Index, End Index, Length
0, 2289, 2290
2290, 3540, 1251
3541, 4792, 1252
4793, 6044, 1252
6045, 7294, 1250
7295, 8546, 1252
8547, 9797, 1251
9798, 11049, 1252
11050, 12299, 1250
12300, 13551, 1252
13552, 14803, 1252
14804, 16056, 1253
16057, 17308, 1252
17309, 18558, 1250
18559, 19810, 1252
19811, 21062, 1252
21063, 22310, 1248
22311, 23562, 1252
23563, 24815, 1253
24816, 26065, 1250
26066, 27317, 1252
27318, 28569, 1252
28570, 29819, 1250
29820, 31072, 1253
