Start Index, End Index, Length
0, 1252, 1253
1253, 2504, 1252
2505, 3757, 1253
3758, 5011, 1254
5012, 6264, 1253
6265, 7516, 1252
7517, 8768, 1252
8769, 10019, 1251
10020, 11273, 1254
11274, 12525, 1252
12526, 13778, 1253
13779, 15028, 1250
15029, 16278, 1250
16279, 17530, 1252
17531, 18784, 1254
18785, 20037, 1253
20038, 21289, 1252
21290, 22541, 1252
22542, 23793, 1252
23794, 25045, 1252
25046, 26298, 1253
26299, 27550, 1252
27551, 28802, 1252
28803, 30056, 1254
