Start Index, End Index, Length
0, 2181, 2182
2182, 3433, 1252
3434, 4687, 1254
4688, 5939, 1252
5940, 7191, 1252
7192, 8443, 1252
8444, 9695, 1252
9696, 10949, 1254
10950, 12202, 1253
12203, 13454, 1252
13455, 14706, 1252
14707, 15958, 1252
15959, 17212, 1254
17213, 18464, 1252
18465, 19716, 1252
19717, 20969, 1253
20970, 22223, 1254
22224, 23475, 1252
23476, 24727, 1252
24728, 25979, 1252
25980, 27231, 1252
27232, 28482, 1251
28483, 29736, 1254
29737, 30989, 1253
