Start Index, End Index, Length
0, 2312, 2313
2313, 3564, 1252
3565, 4816, 1252
4817, 6068, 1252
6069, 7320, 1252
7321, 8573, 1253
8574, 9823, 1250
9824, 11075, 1252
11076, 12327, 1252
12328, 13579, 1252
13580, 14830, 1251
14831, 16082, 1252
16083, 17334, 1252
17335, 18586, 1252
18587, 19840, 1254
19841, 21090, 1250
21091, 22341, 1251
22342, 23593, 1252
23594, 24845, 1252
24846, 26097, 1252
26098, 27347, 1250
27348, 28599, 1252
28600, 29852, 1253
29853, 31104, 1252
