Start Index, End Index, Length
0, 1251, 1252
1252, 2502, 1251
2503, 3754, 1252
3755, 5001, 1247
5002, 6256, 1255
6257, 7508, 1252
7509, 8759, 1251
8760, 10011, 1252
10012, 11261, 1250
11262, 12513, 1252
12514, 13764, 1251
13765, 15016, 1252
15017, 16266, 1250
16267, 17516, 1250
17517, 18768, 1252
18769, 20021, 1253
20022, 21271, 1250
21272, 22523, 1252
22524, 23775, 1252
23776, 25025, 1250
25026, 26278, 1253
26279, 27530, 1252
27531, 28780, 1250
28781, 30030, 1250
