Start Index, End Index, Length
0, 1252, 1253
1253, 2505, 1253
2506, 3759, 1254
3760, 5011, 1252
5012, 6263, 1252
6264, 7516, 1253
7517, 8768, 1252
8769, 10020, 1252
10021, 11272, 1252
11273, 12526, 1254
12527, 13777, 1251
13778, 15029, 1252
15030, 16281, 1252
16282, 17533, 1252
17534, 18785, 1252
18786, 20037, 1252
20038, 21291, 1254
21292, 22544, 1253
22545, 23796, 1252
23797, 25048, 1252
25049, 26302, 1254
26303, 27554, 1252
27555, 28806, 1252
28807, 30058, 1252
30059, 31310, 1252
31311, 32563, 1253
32564, 33815, 1252
33816, 35067, 1252
35068, 36319, 1252
36320, 37571, 1252
37572, 38822, 1251
38823, 40074, 1252
40075, 41326, 1252
41327, 42576, 1250
42577, 43828, 1252
43829, 45080, 1252
45081, 46334, 1254
46335, 47585, 1251
47586, 48837, 1252
48838, 50089, 1252
50090, 51341, 1252
51342, 52595, 1254
52596, 53845, 1250
53846, 55098, 1253
55099, 56350, 1252
56351, 57602, 1252
57603, 58854, 1252
58855, 60106, 1252
60107, 61358, 1252
61359, 62612, 1254
62613, 63863, 1251
63864, 65115, 1252
65116, 66367, 1252
66368, 67619, 1252
67620, 68871, 1252
68872, 70123, 1252
70124, 71376, 1253
71377, 72628, 1252
72629, 73880, 1252
73881, 75134, 1254
75135, 76386, 1252
76387, 77640, 1254
77641, 78890, 1250
78891, 80143, 1253
80144, 81397, 1254
81398, 82649, 1252
82650, 83903, 1254
83904, 85153, 1250
85154, 86405, 1252
86406, 87657, 1252
87658, 88911, 1254
88912, 90165, 1254
90166, 91418, 1253
91419, 92672, 1254
92673, 93926, 1254
93927, 95176, 1250
95177, 96428, 1252
96429, 97678, 1250
97679, 98930, 1252
98931, 100184, 1254
100185, 101436, 1252
101437, 102688, 1252
102689, 103942, 1254
103943, 105196, 1254
105197, 106450, 1254
106451, 107702, 1252
107703, 108955, 1253
108956, 110222, 1267
110223, 111476, 1254
111477, 112726, 1250
112727, 113980, 1254
113981, 115232, 1252
115233, 116483, 1251
116484, 117736, 1253
117737, 118987, 1251
118988, 120241, 1254
120242, 121495, 1254
121496, 122747, 1252
122748, 123999, 1252
124000, 125252, 1253
125253, 126506, 1254
126507, 127760, 1254
127761, 129012, 1252
129013, 130264, 1252
130265, 131516, 1252
131517, 132770, 1254
132771, 134024, 1254
134025, 135278, 1254
135279, 136532, 1254
136533, 137784, 1252
137785, 139037, 1253
139038, 140289, 1252
140290, 141541, 1252
141542, 142795, 1254
142796, 144047, 1252
144048, 145301, 1254
145302, 146553, 1252
146554, 147807, 1254
147808, 149059, 1252
149060, 150313, 1254
