Start Index, End Index, Length
0, 1252, 1253
1253, 2502, 1250
2503, 3755, 1253
3756, 5005, 1250
5006, 6257, 1252
6258, 7507, 1250
7508, 8759, 1252
8760, 10012, 1253
10013, 11264, 1252
11265, 12514, 1250
12515, 13764, 1250
13765, 15016, 1252
15017, 16269, 1253
16270, 17521, 1252
17522, 18773, 1252
18774, 20025, 1252
20026, 21275, 1250
21276, 22527, 1252
22528, 23780, 1253
23781, 25032, 1252
25033, 26282, 1250
26283, 27534, 1252
27535, 28786, 1252
28787, 30037, 1251
30038, 31289, 1252
31290, 32539, 1250
32540, 33789, 1250
33790, 35041, 1252
35042, 36294, 1253
36295, 37544, 1250
37545, 38796, 1252
38797, 40048, 1252
40049, 41298, 1250
41299, 42551, 1253
42552, 43803, 1252
43804, 45055, 1252
45056, 46305, 1250
46306, 47557, 1252
47558, 48809, 1252
48810, 50060, 1251
50061, 51310, 1250
51311, 52562, 1252
52563, 53812, 1250
53813, 55065, 1253
55066, 56317, 1252
56318, 57567, 1250
57568, 58817, 1250
58818, 60069, 1252
60070, 61320, 1251
61321, 62572, 1252
62573, 63824, 1252
63825, 65074, 1250
65075, 66326, 1252
66327, 67579, 1253
67580, 68829, 1250
68830, 70081, 1252
70082, 71331, 1250
71332, 72582, 1251
72583, 73834, 1252
73835, 75086, 1252
75087, 76338, 1252
76339, 77588, 1250
77589, 78840, 1252
78841, 80093, 1253
80094, 81345, 1252
81346, 82597, 1252
82598, 83849, 1252
83850, 85103, 1254
85104, 86353, 1250
86354, 87604, 1251
87605, 88856, 1252
88857, 90106, 1250
90107, 91360, 1254
91361, 92612, 1252
92613, 93864, 1252
93865, 95117, 1253
95118, 96369, 1252
96370, 97623, 1254
97624, 98875, 1252
98876, 100129, 1254
100130, 101379, 1250
101380, 102631, 1252
102632, 103883, 1252
103884, 105138, 1255
105139, 106390, 1252
106391, 107644, 1254
107645, 108896, 1252
108897, 110148, 1252
110149, 111402, 1254
111403, 112654, 1252
112655, 113908, 1254
113909, 115160, 1252
115161, 116413, 1253
116414, 117663, 1250
117664, 118917, 1254
118918, 120169, 1252
120170, 121421, 1252
121422, 122675, 1254
122676, 123927, 1252
123928, 125179, 1252
125180, 126432, 1253
126433, 127682, 1250
127683, 128934, 1252
128935, 130188, 1254
130189, 131440, 1252
131441, 132692, 1252
132693, 133943, 1251
133944, 135195, 1252
135196, 136449, 1254
136450, 137701, 1252
137702, 138955, 1254
138956, 140207, 1252
140208, 141459, 1252
141460, 142711, 1252
142712, 143964, 1253
143965, 145216, 1252
145217, 146470, 1254
146471, 147720, 1250
147721, 148974, 1254
148975, 150227, 1253
