Start Index, End Index, Length
0, 1254, 1255
1255, 2505, 1251
2506, 3759, 1254
3760, 5011, 1252
5012, 6263, 1252
6264, 7516, 1253
7517, 8767, 1251
8768, 10021, 1254
10022, 11272, 1251
11273, 12524, 1252
12525, 13778, 1254
13779, 15030, 1252
15031, 16282, 1252
16283, 17534, 1252
17535, 18786, 1252
18787, 20039, 1253
20040, 21293, 1254
21294, 22545, 1252
22546, 23795, 1250
23796, 25049, 1254
25050, 26301, 1252
26302, 27553, 1252
27554, 28805, 1252
28806, 30058, 1253
30059, 31310, 1252
31311, 32562, 1252
32563, 33814, 1252
33815, 35066, 1252
35067, 36319, 1253
36320, 37571, 1252
37572, 38823, 1252
38824, 40075, 1252
40076, 41329, 1254
41330, 42581, 1252
42582, 43832, 1251
43833, 45084, 1252
45085, 46336, 1252
46337, 47588, 1252
47589, 48840, 1252
48841, 50092, 1252
50093, 51345, 1253
51346, 52597, 1252
52598, 53849, 1252
53850, 55101, 1252
55102, 56353, 1252
56354, 57609, 1256
57610, 58861, 1252
58862, 60113, 1252
60114, 61366, 1253
61367, 62618, 1252
62619, 63870, 1252
63871, 65124, 1254
65125, 66376, 1252
66377, 67628, 1252
67629, 68878, 1250
68879, 70131, 1253
70132, 71383, 1252
71384, 72635, 1252
72636, 73887, 1252
73888, 75141, 1254
75142, 76395, 1254
76396, 77649, 1254
77650, 78901, 1252
78902, 80155, 1254
80156, 81409, 1254
81410, 82661, 1252
82662, 83915, 1254
83916, 85167, 1252
85168, 86421, 1254
86422, 87674, 1253
87675, 88926, 1252
88927, 90178, 1252
90179, 91429, 1251
91430, 92683, 1254
92684, 93935, 1252
93936, 95190, 1255
95191, 96442, 1252
96443, 97694, 1252
97695, 98948, 1254
98949, 100200, 1252
100201, 101454, 1254
101455, 102706, 1252
102707, 103960, 1254
103961, 105212, 1252
105213, 106465, 1253
106466, 107717, 1252
107718, 108969, 1252
108970, 110221, 1252
110222, 111473, 1252
111474, 112727, 1254
112728, 113977, 1250
113978, 115230, 1253
115231, 116482, 1252
116483, 117734, 1252
117735, 118986, 1252
118987, 120238, 1252
120239, 121490, 1252
121491, 122744, 1254
122745, 123997, 1253
123998, 125249, 1252
125250, 126501, 1252
126502, 127753, 1252
127754, 129005, 1252
129006, 130257, 1252
130258, 131509, 1252
131510, 132762, 1253
132763, 134014, 1252
134015, 135266, 1252
135267, 136518, 1252
136519, 137770, 1252
137771, 139022, 1252
139023, 140274, 1252
140275, 141527, 1253
141528, 142779, 1252
142780, 144031, 1252
144032, 145283, 1252
145284, 146535, 1252
146536, 147787, 1252
147788, 149040, 1253
149041, 150292, 1252
