Start Index, End Index, Length
0, 1249, 1250
1250, 2501, 1252
2502, 3751, 1250
3752, 5001, 1250
5002, 6252, 1251
6253, 7504, 1252
7505, 8754, 1250
8755, 10006, 1252
10007, 11258, 1252
11259, 12509, 1251
12510, 13759, 1250
13760, 15011, 1252
15012, 16261, 1250
16262, 17512, 1251
17513, 18764, 1252
18765, 20014, 1250
20015, 21264, 1250
21265, 22513, 1249
22514, 23765, 1252
23766, 25015, 1250
25016, 26267, 1252
26268, 27520, 1253
27521, 28770, 1250
28771, 30020, 1250
