Start Index, End Index, Length
0, 1859, 1860
1860, 3109, 1250
3110, 4361, 1252
4362, 5613, 1252
5614, 6864, 1251
6865, 8116, 1252
8117, 9368, 1252
9369, 10620, 1252
10621, 11872, 1252
11873, 13122, 1250
13123, 14375, 1253
14376, 15625, 1250
15626, 16877, 1252
16878, 18129, 1252
18130, 19381, 1252
19382, 20633, 1252
20634, 21886, 1253
21887, 23136, 1250
23137, 24388, 1252
24389, 25640, 1252
25641, 26890, 1250
26891, 28143, 1253
28144, 29395, 1252
29396, 30647, 1252
