Start Index, End Index, Length
0, 2124, 2125
2125, 3374, 1250
3375, 4626, 1252
4627, 5879, 1253
5880, 7131, 1252
7132, 8383, 1252
8384, 9635, 1252
9636, 10889, 1254
10890, 12140, 1251
12141, 13392, 1252
13393, 14642, 1250
14643, 15894, 1252
15895, 17148, 1254
17149, 18400, 1252
18401, 19651, 1251
19652, 20903, 1252
20904, 22155, 1252
22156, 23409, 1254
23410, 24659, 1250
24660, 25911, 1252
25912, 27164, 1253
27165, 28416, 1252
28417, 29668, 1252
29669, 30922, 1254
