Start Index, End Index, Length
0, 1252, 1253
1253, 2505, 1253
2506, 3759, 1254
3760, 5009, 1250
5010, 6261, 1252
6262, 7513, 1252
7514, 8765, 1252
8766, 10017, 1252
10018, 11270, 1253
11271, 12522, 1252
12523, 13774, 1252
13775, 15024, 1250
15025, 16276, 1252
16277, 17528, 1252
17529, 18781, 1253
18782, 20033, 1252
20034, 21285, 1252
21286, 22535, 1250
22536, 23787, 1252
23788, 25040, 1253
25041, 26292, 1252
26293, 27544, 1252
27545, 28796, 1252
28797, 30048, 1252
30049, 31300, 1252
31301, 32552, 1252
32553, 33805, 1253
33806, 35057, 1252
35058, 36309, 1252
36310, 37561, 1252
37562, 38813, 1252
38814, 40065, 1252
40066, 41316, 1251
41317, 42568, 1252
42569, 43820, 1252
43821, 45072, 1252
45073, 46324, 1252
46325, 47576, 1252
47577, 48829, 1253
48830, 50081, 1252
50082, 51333, 1252
51334, 52585, 1252
52586, 53837, 1252
53838, 55091, 1254
55092, 56343, 1252
56344, 57595, 1252
57596, 58848, 1253
58849, 60100, 1252
60101, 61352, 1252
61353, 62604, 1252
62605, 63856, 1252
63857, 65108, 1252
65109, 66357, 1249
66358, 67613, 1256
67614, 68865, 1252
68866, 70117, 1252
70118, 71369, 1252
71370, 72619, 1250
72620, 73871, 1252
73872, 75123, 1252
75124, 76377, 1254
76378, 77630, 1253
77631, 78884, 1254
78885, 80136, 1252
80137, 81390, 1254
81391, 82640, 1250
82641, 83894, 1254
83895, 85148, 1254
85149, 86400, 1252
86401, 87653, 1253
87654, 88905, 1252
88906, 90159, 1254
90160, 91413, 1254
91414, 92665, 1252
92666, 93917, 1252
93918, 95171, 1254
95172, 96425, 1254
96426, 97677, 1252
97678, 98931, 1254
98932, 100184, 1253
100185, 101438, 1254
101439, 102690, 1252
102691, 103944, 1254
103945, 105198, 1254
105199, 106450, 1252
106451, 107704, 1254
107705, 108956, 1252
108957, 110208, 1252
110209, 111460, 1252
111461, 112714, 1254
112715, 113967, 1253
113968, 115219, 1252
115220, 116473, 1254
116474, 117725, 1252
117726, 118979, 1254
118980, 120231, 1252
120232, 121483, 1252
121484, 122735, 1252
122736, 123988, 1253
123989, 125242, 1254
125243, 126494, 1252
126495, 127746, 1252
127747, 129000, 1254
129001, 130252, 1252
130253, 131506, 1254
131507, 132758, 1252
132759, 134012, 1254
134013, 135264, 1252
135265, 136517, 1253
136518, 137769, 1252
137770, 139023, 1254
139024, 140275, 1252
140276, 141527, 1252
141528, 142779, 1252
142780, 144031, 1252
144032, 145285, 1254
145286, 146538, 1253
146539, 147790, 1252
147791, 149044, 1254
149045, 150298, 1254
