Start Index, End Index, Length
0, 1254, 1255
1255, 2504, 1250
2505, 3756, 1252
3757, 5009, 1253
5010, 6261, 1252
6262, 7513, 1252
7514, 8765, 1252
8766, 10017, 1252
10018, 11268, 1251
11269, 12519, 1251
12520, 13771, 1252
13772, 15024, 1253
15025, 16274, 1250
16275, 17526, 1252
17527, 18778, 1252
18779, 20028, 1250
20029, 21281, 1253
21282, 22533, 1252
22534, 23785, 1252
23786, 25037, 1252
25038, 26287, 1250
26288, 27540, 1253
27541, 28792, 1252
28793, 30042, 1250
30043, 31294, 1252
31295, 32546, 1252
32547, 33798, 1252
33799, 35051, 1253
35052, 36303, 1252
36304, 37555, 1252
37556, 38807, 1252
38808, 40059, 1252
40060, 41309, 1250
41310, 42562, 1253
42563, 43812, 1250
43813, 45064, 1252
45065, 46316, 1252
46317, 47568, 1252
47569, 48820, 1252
48821, 50073, 1253
50074, 51325, 1252
51326, 52577, 1252
52578, 53829, 1252
53830, 55081, 1252
55082, 56333, 1252
56334, 57584, 1251
57585, 58836, 1252
58837, 60088, 1252
60089, 61338, 1250
61339, 62590, 1252
62591, 63841, 1251
63842, 65093, 1252
65094, 66343, 1250
66344, 67595, 1252
67596, 68847, 1252
68848, 70100, 1253
70101, 71352, 1252
71353, 72602, 1250
72603, 73852, 1250
73853, 75106, 1254
75107, 76356, 1250
76357, 77608, 1252
77609, 78863, 1255
78864, 80115, 1252
80116, 81367, 1252
81368, 82621, 1254
82622, 83871, 1250
83872, 85123, 1252
85124, 86377, 1254
86378, 87629, 1252
87630, 88882, 1253
88883, 90134, 1252
90135, 91386, 1252
91387, 92638, 1252
92639, 93892, 1254
93893, 95144, 1252
95145, 96398, 1254
96399, 97650, 1252
97651, 98904, 1254
98905, 100157, 1253
100158, 101411, 1254
101412, 102661, 1250
102662, 103915, 1254
103916, 105169, 1254
105170, 106421, 1252
106422, 107674, 1253
107675, 108927, 1253
108928, 110179, 1252
110180, 111433, 1254
111434, 112686, 1253
112687, 113938, 1252
113939, 115190, 1252
115191, 116442, 1252
116443, 117696, 1254
117697, 118950, 1254
118951, 120200, 1250
120201, 121453, 1253
121454, 122705, 1252
122706, 123957, 1252
123958, 125211, 1254
125212, 126461, 1250
126462, 127713, 1252
127714, 128967, 1254
128968, 130218, 1251
130219, 131472, 1254
131473, 132724, 1252
132725, 133976, 1252
133977, 135230, 1254
135231, 136482, 1252
136483, 137736, 1254
137737, 138988, 1252
138989, 140240, 1252
140241, 141495, 1255
141496, 142747, 1252
142748, 143999, 1252
144000, 145251, 1252
145252, 146503, 1252
146504, 147755, 1252
147756, 149007, 1252
149008, 150260, 1253
