Start Index, End Index, Length
0, 1251, 1252
1252, 2501, 1250
2502, 3751, 1250
3752, 5001, 1250
5002, 6254, 1253
6255, 7502, 1248
7503, 8754, 1252
8755, 10006, 1252
10007, 11257, 1251
11258, 12509, 1252
12510, 13759, 1250
13760, 15009, 1250
15010, 16259, 1250
16260, 17510, 1251
17511, 18760, 1250
18761, 20012, 1252
20013, 21264, 1252
21265, 22515, 1251
22516, 23765, 1250
23766, 25015, 1250
25016, 26265, 1250
26266, 27516, 1251
27517, 28768, 1252
28769, 30020, 1252
