Start Index, End Index, Length
0, 1251, 1252
1252, 2503, 1252
2504, 3753, 1250
3754, 5005, 1252
5006, 6259, 1254
6260, 7510, 1251
7511, 8762, 1252
8763, 10012, 1250
10013, 11264, 1252
11265, 12516, 1252
12517, 13768, 1252
13769, 15019, 1251
15020, 16269, 1250
16270, 17521, 1252
17522, 18773, 1252
18774, 20027, 1254
20028, 21278, 1251
21279, 22530, 1252
22531, 23782, 1252
23783, 25034, 1252
25035, 26284, 1250
26285, 27538, 1254
27539, 28789, 1251
28790, 30041, 1252
30042, 31291, 1250
31292, 32543, 1252
32544, 33793, 1250
33794, 35046, 1253
35047, 36298, 1252
36299, 37550, 1252
37551, 38802, 1252
38803, 40054, 1252
40055, 41306, 1252
41307, 42557, 1251
42558, 43809, 1252
43810, 45061, 1252
45062, 46313, 1252
46314, 47565, 1252
47566, 48817, 1252
48818, 50070, 1253
50071, 51322, 1252
51323, 52574, 1252
52575, 53826, 1252
53827, 55076, 1250
55077, 56328, 1252
56329, 57581, 1253
57582, 58833, 1252
58834, 60083, 1250
60084, 61335, 1252
61336, 62587, 1252
62588, 63839, 1252
63840, 65092, 1253
65093, 66342, 1250
66343, 67594, 1252
67595, 68846, 1252
68847, 70098, 1252
70099, 71349, 1251
71350, 72601, 1252
72602, 73853, 1252
73854, 75105, 1252
75106, 76359, 1254
76360, 77611, 1252
77612, 78863, 1252
78864, 80116, 1253
80117, 81368, 1252
81369, 82622, 1254
82623, 83874, 1252
83875, 85128, 1254
85129, 86380, 1252
86381, 87632, 1252
87633, 88886, 1254
88887, 90138, 1252
90139, 91392, 1254
91393, 92643, 1251
92644, 93895, 1252
93896, 95147, 1252
95148, 96399, 1252
96400, 97651, 1252
97652, 98905, 1254
98906, 100157, 1252
100158, 101411, 1254
101412, 102664, 1253
102665, 103914, 1250
103915, 105168, 1254
105169, 106420, 1252
106421, 107674, 1254
107675, 108926, 1252
108927, 110180, 1254
110181, 111432, 1252
111433, 112685, 1253
112686, 113937, 1252
113938, 115189, 1252
115190, 116443, 1254
116444, 117693, 1250
117694, 118945, 1252
118946, 120198, 1253
120199, 121450, 1252
121451, 122704, 1254
122705, 123956, 1252
123957, 125208, 1252
125209, 126458, 1250
126459, 127712, 1254
127713, 128963, 1251
128964, 130217, 1254
130218, 131469, 1252
131470, 132721, 1252
132722, 133973, 1252
133974, 135227, 1254
135228, 136477, 1250
136478, 137731, 1254
137732, 138984, 1253
138985, 140236, 1252
140237, 141490, 1254
141491, 142742, 1252
142743, 143994, 1252
143995, 145248, 1254
145249, 146502, 1254
146503, 147756, 1254
147757, 149008, 1252
149009, 150260, 1252
