Start Index, End Index, Length
0, 1251, 1252
1252, 2503, 1252
2504, 3756, 1253
3757, 5006, 1250
5007, 6258, 1252
6259, 7510, 1252
7511, 8761, 1251
8762, 10012, 1251
10013, 11266, 1254
11267, 12518, 1252
12519, 13768, 1250
13769, 15020, 1252
15021, 16272, 1252
16273, 17525, 1253
17526, 18775, 1250
18776, 20027, 1252
20028, 21279, 1252
21280, 22531, 1252
22532, 23782, 1251
23783, 25034, 1252
25035, 26286, 1252
26287, 27538, 1252
27539, 28788, 1250
28789, 30039, 1251
30040, 31291, 1252
31292, 32543, 1252
32544, 33795, 1252
33796, 35047, 1252
35048, 36299, 1252
36300, 37551, 1252
37552, 38804, 1253
38805, 40056, 1252
40057, 41308, 1252
41309, 42560, 1252
42561, 43812, 1252
43813, 45064, 1252
45065, 46315, 1251
46316, 47567, 1252
47568, 48819, 1252
48820, 50071, 1252
50072, 51323, 1252
51324, 52573, 1250
52574, 53826, 1253
53827, 55078, 1252
55079, 56330, 1252
56331, 57580, 1250
57581, 58832, 1252
58833, 60085, 1253
60086, 61337, 1252
61338, 62589, 1252
62590, 63839, 1250
63840, 65091, 1252
65092, 66343, 1252
66344, 67596, 1253
67597, 68848, 1252
68849, 70100, 1252
70101, 71350, 1250
71351, 72602, 1252
72603, 73854, 1252
73855, 75108, 1254
75109, 76361, 1253
76362, 77613, 1252
77614, 78865, 1252
78866, 80117, 1252
80118, 81371, 1254
81372, 82623, 1252
82624, 83877, 1254
83878, 85129, 1252
85130, 86382, 1253
86383, 87634, 1252
87635, 88888, 1254
88889, 90138, 1250
90139, 91390, 1252
91391, 92642, 1252
92643, 93894, 1252
93895, 95149, 1255
95150, 96401, 1252
96402, 97653, 1252
97654, 98907, 1254
98908, 100157, 1250
100158, 101409, 1252
101410, 102663, 1254
102664, 103914, 1251
103915, 105166, 1252
105167, 106418, 1252
106419, 107670, 1252
107671, 108922, 1252
108923, 110174, 1252
110175, 111426, 1252
111427, 112679, 1253
112680, 113933, 1254
113934, 115187, 1254
115188, 116437, 1250
116438, 117689, 1252
117690, 118941, 1252
118942, 120193, 1252
120194, 121447, 1254
121448, 122700, 1253
122701, 123952, 1252
123953, 125206, 1254
125207, 126458, 1252
126459, 127712, 1254
127713, 128964, 1252
128965, 130216, 1252
130217, 131470, 1254
131471, 132722, 1252
132723, 133976, 1254
133977, 135229, 1253
135230, 136481, 1252
136482, 137731, 1250
137732, 138985, 1254
138986, 140237, 1252
140238, 141491, 1254
141492, 142743, 1252
142744, 143996, 1253
143997, 145248, 1252
145249, 146498, 1250
146499, 147750, 1252
147751, 149002, 1252
149003, 150254, 1252
