Start Index, End Index, Length
0, 2345, 2346
2346, 3598, 1253
3599, 4850, 1252
4851, 6102, 1252
6103, 7354, 1252
7355, 8606, 1252
8607, 9858, 1252
9859, 11110, 1252
11111, 12363, 1253
12364, 13615, 1252
13616, 14865, 1250
14866, 16117, 1252
16118, 17367, 1250
17368, 18620, 1253
18621, 19873, 1253
19874, 21124, 1251
21125, 22374, 1250
22375, 23627, 1253
23628, 24879, 1252
24880, 26131, 1252
26132, 27383, 1252
27384, 28635, 1252
28636, 29887, 1252
