Start Index, End Index, Length
0, 2145, 2146
2146, 3397, 1252
3398, 4649, 1252
4650, 5899, 1250
5900, 7153, 1254
7154, 8404, 1251
8405, 9656, 1252
9657, 10908, 1252
10909, 12162, 1254
12163, 13414, 1252
13415, 14664, 1250
14665, 15917, 1253
15918, 17169, 1252
17170, 18421, 1252
18422, 19673, 1252
19674, 20925, 1252
20926, 22177, 1252
22178, 23430, 1253
23431, 24682, 1252
24683, 25932, 1250
25933, 27184, 1252
27185, 28436, 1252
28437, 29688, 1252
29689, 30941, 1253
