Start Index, End Index, Length
0, 1252, 1253
1253, 2503, 1251
2504, 3753, 1250
3754, 5005, 1252
5006, 6258, 1253
6259, 7510, 1252
7511, 8760, 1250
8761, 10012, 1252
10013, 11262, 1250
11263, 12510, 1248
12511, 13762, 1252
13763, 15013, 1251
15014, 16265, 1252
16266, 17517, 1252
17518, 18769, 1252
18770, 20021, 1252
20022, 21273, 1252
21274, 22528, 1255
22529, 23778, 1250
23779, 25030, 1252
25031, 26282, 1252
26283, 27532, 1250
27533, 28785, 1253
28786, 30039, 1254
