Start Index, End Index, Length
0, 1252, 1253
1253, 2502, 1250
2503, 3754, 1252
3755, 5005, 1251
5006, 6257, 1252
6258, 7509, 1252
7510, 8759, 1250
8760, 10011, 1252
10012, 11262, 1251
11263, 12516, 1254
12517, 13766, 1250
13767, 15018, 1252
15019, 16270, 1252
16271, 17523, 1253
17524, 18773, 1250
18774, 20023, 1250
20024, 21275, 1252
21276, 22527, 1252
22528, 23778, 1251
23779, 25030, 1252
25031, 26280, 1250
26281, 27530, 1250
27531, 28782, 1252
28783, 30033, 1251
