Start Index, End Index, Length
0, 2051, 2052
2052, 3303, 1252
3304, 4555, 1252
4556, 5807, 1252
5808, 7059, 1252
7060, 8310, 1251
8311, 9562, 1252
9563, 10814, 1252
10815, 12066, 1252
12067, 13318, 1252
13319, 14572, 1254
14573, 15824, 1252
15825, 17076, 1252
17077, 18328, 1252
18329, 19581, 1253
19582, 20835, 1254
20836, 22087, 1252
22088, 23339, 1252
23340, 24591, 1252
24592, 25845, 1254
25846, 27097, 1252
27098, 28348, 1251
28349, 29600, 1252
29601, 30850, 1250
