Start Index, End Index, Length
0, 1250, 1251
1251, 2504, 1254
2505, 3754, 1250
3755, 5006, 1252
5007, 6258, 1252
6259, 7511, 1253
7512, 8763, 1252
8764, 10015, 1252
10016, 11267, 1252
11268, 12519, 1252
12520, 13771, 1252
13772, 15023, 1252
15024, 16276, 1253
16277, 17528, 1252
17529, 18780, 1252
18781, 20032, 1252
20033, 21284, 1252
21285, 22535, 1251
22536, 23787, 1252
23788, 25039, 1252
25040, 26291, 1252
26292, 27543, 1252
27544, 28793, 1250
28794, 30046, 1253
30047, 31298, 1252
31299, 32548, 1250
32549, 33800, 1252
33801, 35050, 1250
35051, 36303, 1253
36304, 37555, 1252
37556, 38807, 1252
38808, 40059, 1252
40060, 41311, 1252
41312, 42563, 1252
42564, 43812, 1249
43813, 45064, 1252
45065, 46316, 1252
46317, 47569, 1253
47570, 48821, 1252
48822, 50071, 1250
50072, 51323, 1252
51324, 52575, 1252
52576, 53827, 1252
53828, 55080, 1253
55081, 56332, 1252
56333, 57584, 1252
57585, 58834, 1250
58835, 60086, 1252
60087, 61338, 1252
61339, 62591, 1253
62592, 63843, 1252
63844, 65095, 1252
65096, 66347, 1252
66348, 67599, 1252
67600, 68849, 1250
68850, 70102, 1253
70103, 71354, 1252
71355, 72606, 1252
72607, 73858, 1252
73859, 75110, 1252
75111, 76364, 1254
76365, 77618, 1254
77619, 78872, 1254
78873, 80124, 1252
80125, 81377, 1253
81378, 82629, 1252
82630, 83883, 1254
83884, 85135, 1252
85136, 86387, 1252
86388, 87639, 1252
87640, 88891, 1252
88892, 90144, 1253
90145, 91396, 1252
91397, 92646, 1250
92647, 93898, 1252
93899, 95150, 1252
95151, 96404, 1254
96405, 97656, 1252
97657, 98910, 1254
98911, 100163, 1253
100164, 101417, 1254
101418, 102669, 1252
102670, 103921, 1252
103922, 105175, 1254
105176, 106427, 1252
106428, 107679, 1252
107680, 108931, 1252
108932, 110184, 1253
110185, 111436, 1252
111437, 112690, 1254
112691, 113942, 1252
113943, 115194, 1252
115195, 116448, 1254
116449, 117700, 1252
117701, 118954, 1254
118955, 120206, 1252
120207, 121460, 1254
121461, 122713, 1253
122714, 123965, 1252
123966, 125217, 1252
125218, 126471, 1254
126472, 127725, 1254
127726, 128975, 1250
128976, 130229, 1254
130230, 131483, 1254
131484, 132737, 1254
132738, 133990, 1253
133991, 135244, 1254
135245, 136498, 1254
136499, 137750, 1252
137751, 139002, 1252
139003, 140256, 1254
140257, 141508, 1252
141509, 142760, 1252
142761, 144012, 1252
144013, 145266, 1254
145267, 146519, 1253
146520, 147771, 1252
147772, 149025, 1254
149026, 150277, 1252
