Start Index, End Index, Length
0, 1252, 1253
1253, 2504, 1252
2505, 3757, 1253
3758, 5009, 1252
5010, 6261, 1252
6262, 7513, 1252
7514, 8763, 1250
8764, 10015, 1252
10016, 11268, 1253
11269, 12520, 1252
12521, 13772, 1252
13773, 15024, 1252
15025, 16276, 1252
16277, 17528, 1252
17529, 18780, 1252
18781, 20033, 1253
20034, 21285, 1252
21286, 22537, 1252
22538, 23789, 1252
23790, 25041, 1252
25042, 26293, 1252
26294, 27545, 1252
27546, 28796, 1251
28797, 30050, 1254
