Start Index, End Index, Length
0, 1252, 1253
1253, 2505, 1253
2506, 3759, 1254
3760, 5009, 1250
5010, 6261, 1252
6262, 7514, 1253
7515, 8764, 1250
8765, 10016, 1252
10017, 11270, 1254
11271, 12520, 1250
12521, 13774, 1254
13775, 15025, 1251
15026, 16279, 1254
16280, 17531, 1252
17532, 18783, 1252
18784, 20035, 1252
20036, 21287, 1252
21288, 22539, 1252
22540, 23793, 1254
23794, 25046, 1253
25047, 26298, 1252
26299, 27550, 1252
27551, 28802, 1252
28803, 30054, 1252
