Start Index, End Index, Length
0, 2116, 2117
2117, 3370, 1254
3371, 4621, 1251
4622, 5873, 1252
5874, 7125, 1252
7126, 8377, 1252
8378, 9629, 1252
9630, 10881, 1252
10882, 12134, 1253
12135, 13386, 1252
13387, 14638, 1252
14639, 15890, 1252
15891, 17142, 1252
17143, 18394, 1252
18395, 19647, 1253
19648, 20899, 1252
20900, 22151, 1252
22152, 23401, 1250
23402, 24653, 1252
24654, 25905, 1252
25906, 27158, 1253
27159, 28410, 1252
28411, 29662, 1252
29663, 30914, 1252
