Start Index, End Index, Length
0, 1251, 1252
1252, 2503, 1252
2504, 3755, 1252
3756, 5005, 1250
5006, 6257, 1252
6258, 7509, 1252
7510, 8760, 1251
8761, 10012, 1252
10013, 11264, 1252
11265, 12516, 1252
12517, 13768, 1252
13769, 15019, 1251
15020, 16271, 1252
16272, 17523, 1252
17524, 18775, 1252
18776, 20027, 1252
20028, 21279, 1252
21280, 22530, 1251
22531, 23782, 1252
23783, 25032, 1250
25033, 26284, 1252
26285, 27538, 1254
27539, 28788, 1250
28789, 30041, 1253
