Start Index, End Index, Length
0, 2084, 2085
2085, 3335, 1251
3336, 4587, 1252
4588, 5837, 1250
5838, 7089, 1252
7090, 8339, 1250
8340, 9590, 1251
9591, 10842, 1252
10843, 12094, 1252
12095, 13346, 1252
13347, 14596, 1250
14597, 15847, 1251
15848, 17099, 1252
17100, 18351, 1252
18352, 19601, 1250
19602, 20853, 1252
20854, 22104, 1251
22105, 23356, 1252
23357, 24608, 1252
24609, 25858, 1250
25859, 27110, 1252
27111, 28363, 1253
28364, 29613, 1250
29614, 30865, 1252
