Start Index, End Index, Length
0, 1908, 1909
1909, 3160, 1252
3161, 4412, 1252
4413, 5665, 1253
5666, 6917, 1252
6918, 8171, 1254
8172, 9423, 1252
9424, 10675, 1252
10676, 11927, 1252
11928, 13179, 1252
13180, 14431, 1252
14432, 15685, 1254
15686, 16936, 1251
16937, 18188, 1252
18189, 19442, 1254
19443, 20694, 1252
20695, 21944, 1250
21945, 23198, 1254
23199, 24449, 1251
24450, 25701, 1252
25702, 26953, 1252
26954, 28205, 1252
28206, 29459, 1254
29460, 30711, 1252
30712, 31962, 1251
31963, 33216, 1254
33217, 34468, 1252
34469, 35720, 1252
35721, 36971, 1251
36972, 38224, 1253
38225, 39476, 1252
39477, 40727, 1251
40728, 41979, 1252
41980, 43231, 1252
43232, 44483, 1252
44484, 45735, 1252
45736, 46987, 1252
46988, 48240, 1253
48241, 49492, 1252
49493, 50744, 1252
50745, 51996, 1252
51997, 53247, 1251
53248, 54500, 1253
54501, 55752, 1252
55753, 57004, 1252
57005, 58256, 1252
58257, 59508, 1252
59509, 60761, 1253
60762, 62014, 1253
62015, 63266, 1252
63267, 64517, 1251
64518, 65769, 1252
65770, 67023, 1254
67024, 68273, 1250
68274, 69527, 1254
69528, 70779, 1252
70780, 72032, 1253
72033, 73284, 1252
73285, 74534, 1250
74535, 75786, 1252
75787, 77038, 1252
77039, 78292, 1254
78293, 79544, 1252
79545, 80797, 1253
80798, 82049, 1252
82050, 83303, 1254
83304, 84553, 1250
84554, 85807, 1254
85808, 87059, 1252
87060, 88313, 1254
88314, 89565, 1252
89566, 90816, 1251
90817, 92070, 1254
92071, 93324, 1254
93325, 94578, 1254
94579, 95830, 1252
95831, 97084, 1254
97085, 98338, 1254
98339, 99590, 1252
99591, 100842, 1252
100843, 102092, 1250
102093, 103344, 1252
103345, 104596, 1252
104597, 105850, 1254
105851, 107103, 1253
107104, 108355, 1252
108356, 109607, 1252
109608, 110857, 1250
110858, 112111, 1254
112112, 113365, 1254
113366, 114619, 1254
114620, 115873, 1254
115874, 117125, 1252
117126, 118378, 1253
118379, 119630, 1252
119631, 120884, 1254
120885, 122138, 1254
122139, 123390, 1252
123391, 124644, 1254
124645, 125896, 1252
125897, 127150, 1254
127151, 128404, 1254
128405, 129656, 1252
129657, 130910, 1254
130911, 132162, 1252
132163, 133415, 1253
133416, 134669, 1254
134670, 135921, 1252
135922, 137173, 1252
137174, 138427, 1254
138428, 139681, 1254
139682, 140933, 1252
140934, 142187, 1254
142188, 143439, 1252
143440, 144691, 1252
144692, 145944, 1253
145945, 147196, 1252
147197, 148450, 1254
148451, 149702, 1252
149703, 150956, 1254
