Start Index, End Index, Length
0, 2115, 2116
2116, 3367, 1252
3368, 4617, 1250
4618, 5869, 1252
5870, 7121, 1252
7122, 8374, 1253
8375, 9626, 1252
9627, 10878, 1252
10879, 12128, 1250
12129, 13380, 1252
13381, 14631, 1251
14632, 15883, 1252
15884, 17137, 1254
17138, 18387, 1250
18388, 19639, 1252
19640, 20891, 1252
20892, 22143, 1252
22144, 23396, 1253
23397, 24648, 1252
24649, 25900, 1252
25901, 27152, 1252
27153, 28404, 1252
28405, 29657, 1253
29658, 30910, 1253
