Start Index, End Index, Length
0, 1251, 1252
1252, 2503, 1252
2504, 3753, 1250
3754, 5005, 1252
5006, 6257, 1252
6258, 7508, 1251
7509, 8758, 1250
8759, 10010, 1252
10011, 11260, 1250
11261, 12512, 1252
12513, 13763, 1251
13764, 15015, 1252
15016, 16267, 1252
16268, 17517, 1250
17518, 18769, 1252
18770, 20022, 1253
20023, 21274, 1252
21275, 22524, 1250
22525, 23776, 1252
23777, 25026, 1250
25027, 26279, 1253
26280, 27531, 1252
27532, 28781, 1250
28782, 30033, 1252
30034, 31285, 1252
31286, 32536, 1251
32537, 33786, 1250
33787, 35038, 1252
35039, 36288, 1250
36289, 37540, 1252
37541, 38793, 1253
38794, 40043, 1250
40044, 41293, 1250
41294, 42543, 1250
42544, 43795, 1252
43796, 45048, 1253
45049, 46298, 1250
46299, 47550, 1252
47551, 48802, 1252
48803, 50054, 1252
50055, 51305, 1251
51306, 52557, 1252
52558, 53807, 1250
53808, 55059, 1252
55060, 56309, 1250
56310, 57562, 1253
57563, 58814, 1252
58815, 60066, 1252
60067, 61316, 1250
61317, 62568, 1252
62569, 63819, 1251
63820, 65071, 1252
65072, 66321, 1250
66322, 67573, 1252
67574, 68823, 1250
68824, 70074, 1251
70075, 71326, 1252
71327, 72578, 1252
72579, 73828, 1250
73829, 75080, 1252
75081, 76335, 1255
76336, 77585, 1250
77586, 78839, 1254
78840, 80091, 1252
80092, 81343, 1252
81344, 82595, 1252
82596, 83846, 1251
83847, 85098, 1252
85099, 86350, 1252
86351, 87604, 1254
87605, 88854, 1250
88855, 90106, 1252
90107, 91360, 1254
91361, 92612, 1252
92613, 93865, 1253
93866, 95117, 1252
95118, 96369, 1252
96370, 97623, 1254
97624, 98873, 1250
98874, 100127, 1254
100128, 101378, 1251
101379, 102630, 1252
102631, 103882, 1252
103883, 105134, 1252
105135, 106384, 1250
106385, 107636, 1252
107637, 108890, 1254
108891, 110143, 1253
110144, 111393, 1250
111394, 112645, 1252
112646, 113899, 1254
113900, 115151, 1252
115152, 116403, 1252
116404, 117656, 1253
117657, 118908, 1252
118909, 120162, 1254
120163, 121412, 1250
121413, 122666, 1254
122667, 123916, 1250
123917, 125170, 1254
125171, 126422, 1252
126423, 127673, 1251
127674, 128925, 1252
128926, 130179, 1254
130180, 131431, 1252
131432, 132683, 1252
132684, 133935, 1252
133936, 135188, 1253
135189, 136440, 1252
136441, 137692, 1252
137693, 138946, 1254
138947, 140198, 1252
140199, 141450, 1252
141451, 142702, 1252
142703, 143956, 1254
143957, 145207, 1251
145208, 146459, 1252
146460, 147713, 1254
147714, 148965, 1252
148966, 150217, 1252
