Start Index, End Index, Length
0, 1253, 1254
1254, 2505, 1252
2506, 3756, 1251
3757, 5008, 1252
5009, 6260, 1252
6261, 7512, 1252
7513, 8762, 1250
8763, 10017, 1255
10018, 11267, 1250
11268, 12519, 1252
12520, 13771, 1252
13772, 15023, 1252
15024, 16275, 1252
16276, 17528, 1253
17529, 18778, 1250
18779, 20030, 1252
20031, 21282, 1252
21283, 22534, 1252
22535, 23786, 1252
23787, 25038, 1252
25039, 26291, 1253
26292, 27541, 1250
27542, 28794, 1253
28795, 30046, 1252
