Start Index, End Index, Length
0, 1252, 1253
1253, 2505, 1253
2506, 3755, 1250
3756, 5007, 1252
5008, 6259, 1252
6260, 7511, 1252
7512, 8762, 1251
8763, 10014, 1252
10015, 11266, 1252
11267, 12516, 1250
12517, 13768, 1252
13769, 15020, 1252
15021, 16271, 1251
16272, 17523, 1252
17524, 18773, 1250
18774, 20025, 1252
20026, 21277, 1252
21278, 22528, 1251
22529, 23780, 1252
23781, 25032, 1252
25033, 26284, 1252
26285, 27536, 1252
27537, 28787, 1251
28788, 30039, 1252
30040, 31291, 1252
31292, 32543, 1252
32544, 33793, 1250
33794, 35045, 1252
35046, 36298, 1253
36299, 37550, 1252
37551, 38802, 1252
38803, 40052, 1250
40053, 41304, 1252
41305, 42557, 1253
42558, 43807, 1250
43808, 45059, 1252
45060, 46309, 1250
46310, 47561, 1252
47562, 48814, 1253
48815, 50066, 1252
50067, 51318, 1252
51319, 52568, 1250
52569, 53820, 1252
53821, 55072, 1252
55073, 56325, 1253
56326, 57577, 1252
57578, 58829, 1252
58830, 60081, 1252
60082, 61331, 1250
61332, 62583, 1252
62584, 63836, 1253
63837, 65086, 1250
65087, 66338, 1252
66339, 67590, 1252
67591, 68842, 1252
68843, 70094, 1252
70095, 71345, 1251
71346, 72597, 1252
72598, 73847, 1250
73848, 75101, 1254
75102, 76353, 1252
76354, 77605, 1252
77606, 78858, 1253
78859, 80112, 1254
80113, 81364, 1252
81365, 82616, 1252
82617, 83868, 1252
83869, 85120, 1252
85121, 86374, 1254
86375, 87626, 1252
87627, 88880, 1254
88881, 90131, 1251
90132, 91385, 1254
91386, 92637, 1252
92638, 93889, 1252
93890, 95141, 1252
95142, 96395, 1254
96396, 97646, 1251
97647, 98898, 1252
98899, 100152, 1254
100153, 101404, 1252
101405, 102656, 1252
102657, 103908, 1252
103909, 105162, 1254
105163, 106416, 1254
106417, 107667, 1251
107668, 108919, 1252
108920, 110171, 1252
110172, 111423, 1252
111424, 112675, 1252
112676, 113927, 1252
113928, 115181, 1254
115182, 116435, 1254
116436, 117687, 1252
117688, 118942, 1255
118943, 120192, 1250
120193, 121444, 1252
121445, 122698, 1254
122699, 123950, 1252
123951, 125202, 1252
125203, 126454, 1252
126455, 127708, 1254
127709, 128959, 1251
128960, 130213, 1254
130214, 131465, 1252
131466, 132719, 1254
132720, 133971, 1252
133972, 135223, 1252
135224, 136475, 1252
136476, 137729, 1254
137730, 138982, 1253
138983, 140234, 1252
140235, 141486, 1252
141487, 142738, 1252
142739, 143990, 1252
143991, 145240, 1250
145241, 146494, 1254
146495, 147747, 1253
147748, 148999, 1252
149000, 150249, 1250
